,composite_conflict_score
0,13.0
1,-1.0
2,10.0
3,-4.0
4,18.0
5,18.0
6,8.0
7,18.0
8,9.0
9,19.0
10,3.0
11,14.0
12,2.75
13,-5.0
14,13.0
15,3.0
16,-1.0
17,13.0
18,-6.0
19,-2.0
20,10.0
21,-27.5
22,-27.0
23,10.0
24,2.5
25,-5.0
26,7.0
27,6.0
28,16.0
29,-12.0
30,11.0
31,4.0
32,17.0
33,9.0
34,-13.0
35,9.0
36,-6.0
37,10.0
38,7.0
39,7.0
40,13.0
41,0.0
42,17.0
43,-14.5
44,8.75
45,-1.75
46,12.0
47,10.0
48,-2.0
49,-11.0
50,7.0
51,9.0
52,-1.25
53,-7.0
54,-16.5
55,1.0
56,-4.25
57,1.0
58,4.0
59,16.0
60,9.0
61,-0.25
62,8.0
63,12.0
64,9.0
65,-10.0
66,11.75
67,-2.0
68,-2.25
69,0.75
70,-12.0
71,1.0
72,-9.25
73,-6.5
74,2.0
75,13.0
76,2.0
77,-11.25
78,15.0
79,15.0
80,4.0
81,-12.25
82,6.75
83,11.0
84,13.0
85,4.0
86,-10.0
87,2.0
88,15.75
89,18.0
90,13.0
91,3.0
92,0.0
93,-9.0
94,-3.0
95,9.0
96,9.0
97,0.0
98,11.0
99,-3.25
100,6.0
101,7.25
102,16.0
103,1.0
104,-2.0
105,-10.0
106,9.0
107,12.0
108,8.0
109,-7.0
110,5.0
111,15.0
112,9.0
113,1.0
114,6.0
115,6.75
116,3.0
117,6.0
118,-3.0
119,-13.0
120,4.0
121,-1.25
122,-2.0
123,1.0
124,1.0
125,9.75
126,13.0
127,7.75
128,0.0
129,1.0
130,17.0
131,4.25
132,-2.25
133,14.0
134,15.0
135,19.0
136,-3.0
137,12.0
138,7.0
139,15.0
140,2.0
141,2.0
142,9.0
143,5.0
144,5.0
145,3.0
146,-17.5
147,7.25
148,-9.0
149,0.75
150,-16.75
151,-2.25
152,3.75
153,-8.75
154,5.75
155,1.0
156,10.0
157,-13.25
158,10.75
159,-12.0
160,8.0
161,-11.0
162,4.0
163,-4.0
164,7.0
165,-11.0
166,-8.0
167,7.0
168,-7.0
169,15.0
170,1.0
171,7.75
172,6.0
173,8.0
174,-0.75
175,4.0
176,5.0
177,6.0
178,13.0
179,6.0
180,18.0
181,14.0
182,4.0
183,6.0
184,12.0
185,7.75
186,8.0
187,13.0
188,-1.0
189,9.0
190,-27.25
191,-15.0
192,-2.0
193,3.0
194,1.0
195,16.0
196,5.0
197,15.0
198,13.0
199,1.0
200,14.0
201,13.0
202,-4.0
203,7.0
204,1.0
205,7.0
206,1.0
207,14.0
208,18.0
209,-2.0
210,0.0
211,18.0
212,6.0
213,16.0
214,16.75
215,19.0
216,9.0
217,-2.0
218,4.0
219,9.0
220,-23.0
221,-2.0
222,9.0
223,11.0
224,-2.0
225,11.0
226,20.0
227,7.0
228,-15.0
229,15.0
230,9.0
231,-5.0
232,12.0
233,1.5
234,10.0
235,12.0
236,12.0
237,-3.0
238,12.0
239,16.0
240,-3.25
241,10.0
242,5.75
243,9.0
244,11.75
245,-4.0
246,14.0
247,17.0
248,2.0
249,11.0
250,15.0
251,-2.25
252,-2.0
253,6.0
254,11.0
255,6.0
256,0.5
257,10.0
258,19.0
259,-9.0
260,13.0
261,10.0
262,1.0
263,3.25
264,-13.0
265,14.0
266,14.0
267,7.0
268,5.0
269,1.0
270,14.0
271,-23.0
272,9.0
273,-10.5
274,12.0
275,9.0
276,-1.0
277,4.0
278,-13.0
279,7.0
280,12.0
281,9.0
282,-0.5
283,-3.0
284,8.0
285,6.0
286,-1.0
287,17.0
288,8.0
289,12.0
290,-8.5
291,-1.0
292,16.0
293,-23.0
294,16.0
295,3.0
296,10.0
297,-16.25
298,9.75
299,7.0
300,11.0
301,-10.0
302,13.0
303,6.0
304,-6.0
305,14.5
306,-4.0
307,8.0
308,-6.0
309,-5.0
310,-7.0
311,-4.0
312,11.0
313,-14.0
314,-1.0
315,16.0
316,7.0
317,10.0
318,11.0
319,9.0
320,-3.0
321,15.75
322,10.0
323,11.0
324,7.0
325,13.0
326,-4.0
327,14.0
328,18.0
329,15.0
330,-5.0
331,15.0
332,1.5
333,3.0
334,15.0
335,-2.0
336,1.0
337,-9.0
338,-3.0
339,-13.25
340,3.0
341,-4.0
342,4.25
343,-5.25
344,9.0
345,0.5
346,-6.5
347,-2.0
348,-1.0
349,11.0
350,10.0
351,12.0
352,9.0
353,1.0
354,11.0
355,8.0
356,10.0
357,-1.0
358,-3.0
359,1.0
360,2.0
361,-5.0
362,1.0
363,-9.0
364,11.0
365,-10.5
366,13.75
367,9.0
368,10.0
369,15.0
370,17.0
371,10.0
372,-7.0
373,-1.0
374,3.0
375,0.0
376,16.0
377,12.75
378,-6.25
379,4.0
380,-1.0
381,8.0
382,4.0
383,-13.25
384,6.0
385,-3.0
386,1.0
387,7.0
388,5.75
389,3.5
390,12.0
391,-16.25
392,4.5
393,0.25
394,10.0
395,-2.0
396,-10.0
397,-0.25
398,14.0
399,14.0
400,5.0
401,7.0
402,-2.0
403,-5.5
404,0.0
405,14.0
406,14.0
407,-7.0
408,10.0
409,13.0
410,18.0
411,17.0
412,5.0
413,-1.25
414,-7.5
415,16.0
416,1.0
417,-1.0
418,18.0
419,-5.0
420,5.0
421,1.0
422,-2.0
423,5.0
424,12.0
425,-11.0
426,1.75
427,-8.0
428,12.0
429,16.0
430,17.0
431,1.0
432,11.75
433,11.0
434,12.0
435,3.0
436,5.0
437,-2.25
438,12.0
439,11.25
440,7.0
441,15.0
442,-3.0
443,-2.25
444,9.0
445,16.0
446,5.75
447,4.0
448,16.0
449,-9.25
450,17.0
451,7.0
452,14.0
453,-13.0
454,11.0
455,-6.0
456,12.0
457,-3.0
458,3.0
459,-1.0
460,17.0
461,11.0
462,4.0
463,7.0
464,12.0
465,12.0
466,-14.0
467,-8.0
468,11.0
469,3.0
470,16.0
471,17.0
472,0.0
473,9.0
474,6.0
475,-16.0
476,18.0
477,-17.0
478,4.0
479,7.25
480,2.0
481,-0.75
482,-8.0
483,-1.0
484,-3.0
485,2.0
486,3.0
487,6.0
488,-2.0
489,15.0
490,1.0
491,10.0
492,4.0
493,-4.5
494,3.0
495,3.0
496,-8.0
497,1.75
498,-12.0
499,10.0
500,0.75
501,3.0
502,1.0
503,0.0
504,12.5
505,4.0
506,8.75
507,-1.0
508,11.0
509,3.0
510,5.0
511,13.0
512,-2.25
513,5.0
514,1.0
515,3.0
516,16.0
517,-13.0
518,0.0
519,14.0
520,-5.0
521,14.0
522,10.0
523,5.0
524,0.0
525,-5.25
526,1.0
527,0.0
528,16.0
529,3.0
530,9.0
531,13.0
532,0.0
533,17.0
534,-1.0
535,12.0
536,12.0
537,10.0
538,5.0
539,15.0
540,3.0
541,-5.0
542,6.0
543,9.75
544,9.0
545,2.0
546,14.0
547,6.0
548,15.0
549,7.0
550,-4.25
551,5.5
552,-7.25
553,1.5
554,6.75
555,13.0
556,16.0
557,9.0
558,0.0
559,6.0
560,5.0
561,-25.0
562,13.0
563,10.0
564,5.0
565,0.75
566,17.0
567,-7.75
568,14.0
569,-13.0
570,13.0
571,6.0
572,10.75
573,-8.0
574,9.0
575,6.0
576,0.75
577,-1.25
578,3.0
579,8.25
580,-9.0
581,13.0
582,18.0
583,6.0
584,5.0
585,10.0
586,-4.75
587,1.75
588,-4.75
589,-22.25
590,0.25
591,-0.25
592,7.0
593,-7.0
594,4.5
595,6.0
596,1.0
597,4.75
598,3.5
599,14.0
600,-5.0
601,2.0
602,1.0
603,18.0
604,-8.0
605,19.0
606,-9.75
607,10.0
608,-1.0
609,2.0
610,2.0
611,2.0
612,6.0
613,6.0
614,-3.0
615,2.0
616,4.0
617,1.0
618,4.0
619,10.0
620,-1.0
621,-10.0
622,-14.25
623,-17.75
624,-9.5
625,15.0
626,-1.0
627,8.0
628,-1.0
629,6.0
630,8.0
631,14.0
632,15.0
633,1.0
634,11.0
635,-3.0
636,18.0
637,-12.25
638,-6.0
639,14.0
640,15.0
641,0.0
642,1.0
643,3.0
644,-7.0
645,5.0
646,6.0
647,18.0
648,16.0
649,11.0
650,10.0
651,-2.0
652,1.75
653,2.0
654,12.0
655,20.0
656,-1.25
657,8.0
658,0.0
659,9.0
660,-11.0
661,14.0
662,-9.0
663,-1.0
664,7.75
665,8.0
666,-10.25
667,12.0
668,5.0
669,3.75
670,8.0
671,8.0
672,10.0
673,14.0
674,14.0
675,-19.0
676,2.0
677,3.0
678,1.0
679,-0.25
680,-13.25
681,7.0
682,-11.0
683,11.0
684,1.0
685,-4.0
686,7.0
687,-13.0
688,5.0
689,-21.25
690,12.0
691,7.0
692,9.0
693,10.0
694,11.75
695,-9.0
696,-13.5
697,10.0
698,-2.0
699,12.0
700,10.0
701,7.0
702,12.0
703,10.0
704,6.0
705,4.0
706,20.0
707,7.0
708,7.0
709,-2.75
710,-4.0
711,15.0
712,4.0
713,13.75
714,-5.0
715,-3.0
716,16.0
717,20.0
718,8.75
719,4.75
720,1.75
721,-3.5
722,0.0
723,-1.0
724,6.0
725,10.0
726,6.0
727,-18.0
728,-5.0
729,0.0
730,-27.0
731,-3.25
732,8.0
733,12.0
734,-5.0
735,1.5
736,2.0
737,5.0
738,4.5
739,12.0
740,14.0
741,-1.0
742,7.0
743,14.0
744,12.0
745,7.0
746,12.0
747,-8.0
748,-10.0
749,-2.25
750,12.0
751,-18.0
752,9.0
753,14.0
754,19.0
755,6.75
756,-28.75
757,-9.0
758,-11.75
759,9.0
760,0.0
761,5.0
762,5.25
763,-26.0
764,7.0
765,-17.5
766,17.0
767,5.0
768,0.0
769,10.75
770,1.75
771,5.25
772,0.0
773,9.0
774,13.0
775,1.0
776,15.0
777,-6.5
778,-4.0
779,2.0
780,10.0
781,-12.0
782,-4.0
783,8.0
784,5.0
785,5.0
786,3.0
787,-12.0
788,-1.0
789,10.0
790,3.0
791,6.75
792,7.0
793,4.5
794,-7.0
795,13.0
796,-5.0
797,-2.25
798,-1.0
799,16.0
800,7.0
801,0.0
802,-3.5
803,13.0
804,-7.0
805,1.0
806,-5.0
807,2.0
808,14.0
809,9.0
810,15.0
811,8.5
812,1.75
813,19.0
814,-4.25
815,-5.0
816,9.0
817,11.75
818,-12.25
819,9.0
820,19.0
821,-20.25
822,-12.0
823,1.25
824,9.0
825,3.0
826,0.0
827,7.0
828,13.75
829,12.0
830,10.0
831,10.0
832,7.0
833,2.0
834,-1.0
835,-25.0
836,1.0
837,18.0
838,12.0
839,4.0
840,0.0
841,12.0
842,13.0
843,4.0
844,12.0
845,5.0
846,9.0
847,-8.0
848,16.0
849,4.0
850,-1.5
851,12.0
852,8.0
853,-1.0
854,7.5
855,19.0
856,16.0
857,8.0
858,1.75
859,8.0
860,5.0
861,11.0
862,-7.0
863,-9.25
864,10.0
865,0.0
866,-7.5
867,16.0
868,12.75
869,3.0
870,7.0
871,8.0
872,-2.25
873,5.0
874,7.0
875,9.0
876,5.75
877,12.0
878,1.0
879,6.0
880,5.0
881,16.0
882,-17.75
883,9.0
884,5.75
885,6.0
886,17.0
887,-1.0
888,6.0
889,6.0
890,6.0
891,3.25
892,5.0
893,4.0
894,4.0
895,2.0
896,17.0
897,6.0
898,-1.0
899,2.0
900,6.0
901,-3.0
902,11.0
903,-9.25
904,11.0
905,8.75
906,5.75
907,15.0
908,10.0
909,5.0
910,-9.25
911,-3.0
912,10.0
913,6.0
914,-10.25
915,1.0
916,11.75
917,0.0
918,12.0
919,14.0
920,14.5
921,3.0
922,13.0
923,16.5
924,18.0
925,9.75
926,10.0
927,-11.0
928,-13.25
929,16.0
930,-8.0
931,-1.0
932,0.0
933,6.0
934,-9.0
935,10.0
936,15.0
937,2.0
938,-5.0
939,15.0
940,6.0
941,9.0
942,-24.25
943,4.0
944,13.0
945,0.0
946,-12.0
947,11.0
948,-2.0
949,8.0
950,13.75
951,1.0
952,8.0
953,18.0
954,-1.0
955,8.0
956,-2.0
957,13.0
958,10.0
959,-1.0
960,10.0
961,11.0
962,0.0
963,-21.0
964,10.0
965,-13.5
966,18.0
967,3.0
968,13.0
969,10.0
970,10.0
971,13.25
972,8.0
973,-9.0
974,10.0
975,2.0
976,16.0
977,9.25
978,-4.5
979,-4.0
980,1.0
981,-2.0
982,15.0
983,1.0
984,1.0
985,17.0
986,2.0
987,6.0
988,-0.5
989,8.0
990,3.0
991,13.0
992,6.0
993,10.0
994,1.0
995,14.0
996,-4.0
997,8.0
998,21.0
999,-0.25
1000,15.0
1001,13.0
1002,3.0
1003,18.0
1004,9.0
1005,5.0
1006,-12.25
1007,-2.25
1008,12.0
1009,10.0
1010,5.0
1011,-4.0
1012,2.0
1013,-3.0
1014,4.0
1015,16.0
1016,-5.0
1017,-4.0
1018,-6.25
1019,10.0
1020,3.0
1021,-20.25
1022,6.0
1023,9.0
1024,9.0
1025,12.0
1026,1.5
1027,6.5
1028,6.0
1029,12.0
1030,5.0
1031,13.0
1032,2.25
1033,-7.0
1034,2.0
1035,-12.75
1036,10.0
1037,13.0
1038,9.0
1039,15.0
1040,3.0
1041,1.0
1042,-12.0
1043,1.0
1044,1.75
1045,15.0
1046,-3.0
1047,0.25
1048,-1.0
1049,11.0
1050,12.0
1051,-10.0
1052,-1.75
1053,8.5
1054,4.75
1055,-8.0
1056,7.0
1057,9.0
1058,7.0
1059,13.0
1060,19.0
1061,-3.25
1062,13.0
1063,16.0
1064,6.0
1065,-2.25
1066,8.5
1067,-24.75
1068,-10.0
1069,7.0
1070,1.0
1071,4.0
1072,1.0
1073,14.0
1074,8.0
1075,11.0
1076,2.75
1077,7.0
1078,-9.0
1079,-0.25
1080,1.0
1081,5.5
1082,2.0
1083,15.0
1084,14.0
1085,5.0
1086,-2.0
1087,15.0
1088,12.0
1089,6.0
1090,-3.0
1091,3.0
1092,12.0
1093,4.0
1094,4.0
1095,-7.0
1096,1.0
1097,1.0
1098,5.0
1099,9.0
1100,15.0
1101,-1.0
1102,1.0
1103,-9.25
1104,-2.0
1105,5.0
1106,13.0
1107,17.0
1108,-5.0
1109,8.0
1110,11.0
1111,-3.25
1112,6.0
1113,10.0
1114,11.0
1115,3.0
1116,5.0
1117,3.0
1118,3.0
1119,-25.0
1120,-9.0
1121,-9.25
1122,7.25
1123,13.0
1124,12.0
1125,-2.0
1126,-6.0
1127,12.0
1128,18.0
1129,-3.0
1130,2.0
1131,6.0
1132,12.0
1133,-2.0
1134,1.0
1135,8.0
1136,-7.0
1137,13.0
1138,9.0
1139,10.0
1140,-16.0
1141,0.0
1142,-3.25
1143,9.0
1144,18.0
1145,15.0
1146,-3.0
1147,2.0
1148,10.0
1149,11.75
1150,5.0
1151,9.0
1152,3.5
1153,18.0
1154,7.75
1155,14.25
1156,-5.5
1157,-1.25
1158,6.0
1159,-25.0
1160,-2.0
1161,9.0
1162,16.0
1163,1.0
1164,9.0
1165,-8.0
1166,15.0
1167,-1.0
1168,6.25
1169,-1.0
1170,16.0
1171,-4.0
1172,8.0
1173,13.0
1174,9.0
1175,12.0
1176,17.0
1177,8.0
1178,6.0
1179,18.0
1180,5.0
1181,-1.0
1182,-23.5
1183,-7.0
1184,15.0
1185,-6.25
1186,4.0
1187,8.0
1188,7.0
1189,11.0
1190,9.0
1191,-3.0
1192,7.0
1193,11.0
1194,7.0
1195,6.0
1196,6.75
1197,7.0
1198,-2.25
1199,9.0
1200,19.0
1201,-7.0
1202,14.0
1203,10.0
1204,6.0
1205,-6.0
1206,4.0
1207,13.0
1208,12.0
1209,9.0
1210,6.0
1211,1.0
1212,11.0
1213,-3.5
1214,9.0
1215,4.0
1216,-13.5
1217,0.5
1218,3.0
1219,6.0
1220,13.0
1221,5.0
1222,10.0
1223,19.0
1224,3.0
1225,13.0
1226,18.0
1227,-13.0
1228,19.0
1229,16.0
1230,-5.25
1231,7.75
1232,19.0
1233,1.0
1234,10.0
1235,1.0
1236,-25.0
1237,-0.25
1238,-11.0
1239,14.0
1240,-15.0
1241,6.0
1242,8.0
1243,10.5
1244,-14.0
1245,7.0
1246,-10.25
1247,13.0
1248,14.0
1249,6.0
1250,11.0
1251,7.0
1252,4.0
1253,17.0
1254,-7.0
1255,0.0
1256,-1.0
1257,-26.0
1258,17.0
1259,1.25
1260,8.0
1261,4.0
1262,1.0
1263,3.75
1264,-6.0
1265,-1.0
1266,1.5
1267,1.0
1268,-11.0
1269,-8.0
1270,9.0
1271,0.0
1272,13.0
1273,3.0
1274,14.0
1275,3.25
1276,16.0
1277,6.0
1278,-2.0
1279,6.0
1280,1.0
1281,-6.0
1282,10.0
1283,12.0
1284,-5.0
1285,0.0
1286,-1.0
1287,3.0
1288,4.0
1289,13.0
1290,0.0
1291,-2.0
1292,15.0
1293,-1.0
1294,3.0
1295,-9.0
1296,-11.0
1297,18.0
1298,-12.75
1299,15.0
1300,18.25
1301,-8.0
1302,-11.5
1303,-15.25
1304,8.0
1305,-6.0
1306,-5.0
1307,4.0
1308,8.0
1309,-1.0
1310,6.0
1311,0.0
1312,-5.0
1313,-0.25
1314,4.0
1315,7.0
1316,0.75
1317,3.0
1318,5.0
1319,16.0
1320,3.0
1321,9.0
1322,-12.25
1323,1.0
1324,2.75
1325,-1.0
1326,10.0
1327,18.0
1328,4.0
1329,8.0
1330,3.0
1331,-0.5
1332,18.0
1333,0.0
1334,4.0
1335,3.5
1336,14.0
1337,3.0
1338,8.75
1339,6.0
1340,15.0
1341,9.0
1342,8.0
1343,14.0
1344,-10.0
1345,2.0
1346,-32.0
1347,4.0
1348,4.25
1349,-6.0
1350,7.0
1351,10.0
1352,-22.0
1353,-6.0
1354,6.25
1355,3.0
1356,-2.0
1357,11.0
1358,4.0
1359,5.75
1360,3.0
1361,-14.25
1362,7.0
1363,3.0
1364,9.0
1365,-2.0
1366,17.0
1367,15.0
1368,-5.25
1369,-1.0
1370,-11.75
1371,10.75
1372,4.0
1373,9.0
1374,-6.0
1375,2.75
1376,-11.25
1377,8.0
1378,19.0
1379,5.0
1380,-5.0
1381,-0.5
1382,11.0
1383,-7.0
1384,-3.0
1385,2.0
1386,-1.0
1387,17.0
1388,3.0
1389,-5.0
1390,18.0
1391,12.0
1392,-14.0
1393,-4.0
1394,2.0
1395,-6.25
1396,8.0
1397,-1.0
1398,7.75
1399,-11.0
1400,7.0
1401,1.0
1402,3.0
1403,-4.0
1404,-4.0
1405,9.0
1406,-6.0
1407,15.0
1408,11.0
1409,-4.0
1410,14.0
1411,7.0
1412,11.0
1413,5.0
1414,14.0
1415,-19.0
1416,14.5
1417,-2.0
1418,-19.0
1419,9.0
1420,9.0
1421,14.0
1422,4.0
1423,3.0
1424,12.0
1425,-2.0
1426,-6.0
1427,8.0
1428,4.0
1429,0.0
1430,18.0
1431,-7.75
1432,0.0
1433,6.0
1434,-1.0
1435,-5.25
1436,3.0
1437,4.0
1438,7.0
1439,6.0
1440,0.0
1441,17.0
1442,13.0
1443,0.0
1444,-20.0
1445,10.0
1446,-3.0
1447,14.0
1448,-1.25
1449,12.0
1450,3.0
1451,15.0
1452,-1.0
1453,7.0
1454,14.0
1455,0.0
1456,6.0
1457,2.0
1458,-4.0
1459,11.75
1460,9.0
1461,12.0
1462,-11.0
1463,7.0
1464,-0.25
1465,9.0
1466,8.0
1467,3.0
1468,0.0
1469,16.0
1470,-9.0
1471,11.0
1472,-2.25
1473,-2.0
1474,-10.5
1475,-1.0
1476,2.0
1477,11.0
1478,17.0
1479,-6.0
1480,4.0
1481,-13.0
1482,4.75
1483,10.0
1484,13.0
1485,13.75
1486,7.0
1487,17.75
1488,9.75
1489,3.0
1490,-2.0
1491,10.0
1492,4.0
1493,14.0
1494,-2.5
1495,18.0
1496,6.0
1497,7.0
1498,5.0
1499,0.0
1500,1.5
1501,15.0
1502,-5.0
1503,6.0
1504,9.0
1505,-19.0
1506,-9.0
1507,17.0
1508,-11.0
1509,4.0
1510,0.0
1511,-17.0
1512,9.5
1513,-7.0
1514,-1.0
1515,-7.25
1516,13.0
1517,1.75
1518,13.0
1519,5.0
1520,-6.0
1521,5.75
1522,9.0
1523,10.0
1524,4.0
1525,12.0
1526,-12.0
1527,6.0
1528,13.0
1529,-6.0
1530,7.0
1531,-9.0
1532,4.0
1533,-14.0
1534,11.0
1535,-3.25
1536,-3.5
1537,3.0
1538,-1.0
1539,14.0
1540,-7.25
1541,0.25
1542,5.0
1543,13.0
1544,3.0
1545,5.0
1546,-5.0
1547,-1.0
1548,-4.0
1549,14.0
1550,6.0
1551,11.0
1552,3.0
1553,11.0
1554,6.0
1555,10.0
1556,2.0
1557,-1.0
1558,6.0
1559,7.75
1560,15.0
1561,-3.25
1562,5.0
1563,13.0
1564,-6.0
1565,6.0
1566,-8.0
1567,5.0
1568,10.0
1569,16.0
1570,-5.0
1571,-8.5
1572,-2.25
1573,-10.0
1574,-7.0
1575,6.0
1576,-11.0
1577,0.0
1578,5.0
1579,2.0
1580,-3.0
1581,0.0
1582,5.0
1583,8.5
1584,4.0
1585,11.0
1586,12.0
1587,15.0
1588,9.0
1589,15.0
1590,-1.0
1591,13.0
1592,7.0
1593,11.0
1594,-14.0
1595,10.0
1596,14.0
1597,5.0
1598,8.0
1599,-21.0
1600,5.75
1601,1.0
1602,15.0
1603,-19.0
1604,13.0
1605,16.0
1606,10.0
1607,2.0
1608,2.0
1609,-5.0
1610,9.0
1611,6.75
1612,-2.5
1613,10.75
1614,0.0
1615,10.0
1616,0.0
1617,4.0
1618,19.0
1619,10.0
1620,12.0
1621,6.75
1622,13.0
1623,6.0
1624,10.0
1625,-1.0
1626,-1.0
1627,12.0
1628,3.0
1629,10.0
1630,3.0
1631,3.0
1632,8.0
1633,-10.0
1634,9.0
1635,-3.0
1636,-4.0
1637,13.0
1638,14.0
1639,13.0
1640,4.0
1641,-5.0
1642,8.0
1643,1.75
1644,-3.0
1645,7.0
1646,1.75
1647,7.75
1648,-19.0
1649,3.0
1650,9.0
1651,13.5
1652,-1.0
1653,3.0
1654,-7.0
1655,5.0
1656,2.0
1657,1.75
1658,6.0
1659,7.0
1660,17.0
1661,5.75
1662,7.0
1663,10.0
1664,11.0
1665,13.0
1666,5.0
1667,-12.0
1668,19.0
1669,-15.0
1670,11.25
1671,2.0
1672,0.0
1673,7.0
1674,18.0
1675,12.0
1676,-13.25
1677,6.0
1678,0.0
1679,0.0
1680,-2.0
1681,13.0
1682,3.0
1683,9.0
1684,6.0
1685,12.0
1686,-1.0
1687,-17.0
1688,-2.0
1689,-6.25
1690,-23.5
1691,-3.25
1692,3.0
1693,-14.0
1694,-9.0
1695,-5.0
1696,7.75
1697,1.0
1698,-1.0
1699,5.75
1700,13.0
1701,-3.0
1702,10.25
1703,16.0
1704,14.0
1705,9.0
1706,-22.0
1707,12.0
1708,-5.0
1709,4.75
1710,12.0
1711,-2.0
1712,-7.0
1713,-4.75
1714,-12.0
1715,-11.0
1716,6.0
1717,12.0
1718,11.0
1719,16.0
1720,7.0
1721,5.0
1722,2.0
1723,7.0
1724,-2.25
1725,14.0
1726,-12.0
1727,11.0
1728,-2.25
1729,9.0
1730,7.0
1731,1.0
1732,8.5
1733,-13.0
1734,-2.0
1735,10.0
1736,11.0
1737,-9.0
1738,-5.0
1739,1.0
1740,1.0
1741,8.0
1742,8.0
1743,-25.25
1744,-9.25
1745,12.0
1746,4.0
1747,16.0
1748,1.0
1749,18.0
1750,14.75
1751,-10.25
1752,10.0
1753,9.0
1754,0.5
1755,4.0
1756,6.0
1757,9.0
1758,8.0
1759,9.0
1760,4.0
1761,-2.0
1762,0.5
1763,4.0
1764,1.0
1765,18.0
1766,-20.0
1767,2.0
1768,3.0
1769,11.0
1770,2.0
1771,8.0
1772,7.0
1773,10.0
1774,-1.0
1775,9.0
1776,18.0
1777,9.0
1778,-3.25
1779,6.0
1780,8.0
1781,-3.25
1782,10.0
1783,2.0
1784,-7.0
1785,7.0
1786,17.0
1787,15.0
1788,-2.0
1789,9.0
1790,4.0
1791,6.0
1792,19.0
1793,5.0
1794,14.0
1795,-4.0
1796,-23.0
1797,1.0
1798,9.0
1799,4.0
1800,12.0
1801,18.0
1802,-6.0
1803,8.75
1804,15.0
1805,17.0
1806,9.75
1807,-4.0
1808,9.0
1809,7.75
1810,7.0
1811,3.0
1812,15.0
1813,9.0
1814,-19.0
1815,10.0
1816,-11.0
1817,1.0
1818,-12.0
1819,8.0
1820,-6.0
1821,18.0
1822,15.0
1823,14.0
1824,-6.0
1825,-0.25
1826,7.0
1827,6.0
1828,0.0
1829,0.0
1830,18.0
1831,-1.25
1832,2.75
1833,10.0
1834,3.0
1835,5.0
1836,11.0
1837,8.75
1838,11.5
1839,-21.75
1840,17.0
1841,9.75
1842,0.0
1843,1.0
1844,8.0
1845,0.75
1846,2.0
1847,8.0
1848,6.0
1849,6.75
1850,-0.5
1851,14.0
1852,-2.0
1853,4.0
1854,-8.0
1855,2.5
1856,14.0
1857,15.0
1858,-16.25
1859,1.0
1860,13.0
1861,12.0
1862,13.0
1863,0.0
1864,-4.5
1865,-5.0
1866,13.0
1867,15.0
1868,4.0
1869,10.75
1870,-3.0
1871,-6.0
1872,17.0
1873,4.0
1874,3.0
1875,15.5
1876,16.0
1877,17.0
1878,17.0
1879,-18.0
1880,-7.0
1881,5.0
1882,0.5
1883,2.0
1884,16.0
1885,-11.0
1886,2.0
1887,10.0
1888,-1.0
1889,-19.0
1890,12.0
1891,3.0
1892,2.75
1893,11.0
1894,-1.25
1895,4.0
1896,-6.5
1897,3.0
1898,8.0
1899,15.0
1900,6.0
1901,1.0
1902,6.0
1903,-4.0
1904,3.0
1905,-2.0
1906,-4.0
1907,7.0
1908,2.0
1909,-7.25
1910,16.0
1911,6.0
1912,6.0
1913,4.0
1914,5.0
1915,8.0
1916,4.75
1917,3.75
1918,2.0
1919,13.0
1920,5.0
1921,6.0
1922,13.0
1923,7.0
1924,-11.0
1925,1.0
1926,3.0
1927,15.0
1928,-1.25
1929,8.0
1930,-10.25
1931,5.0
1932,-5.5
1933,-1.0
1934,11.0
1935,5.0
1936,12.0
1937,-20.0
1938,-22.0
1939,10.0
1940,2.0
1941,-1.0
1942,4.0
1943,8.0
1944,13.75
1945,3.0
1946,17.0
1947,6.0
1948,0.0
1949,-3.0
1950,10.0
1951,-16.25
1952,6.0
1953,12.0
1954,-6.0
1955,10.0
1956,-6.75
1957,10.25
1958,4.0
1959,12.0
1960,10.0
1961,-2.0
1962,8.0
1963,11.0
1964,11.75
1965,14.0
1966,-16.0
1967,12.0
1968,-3.0
1969,-18.0
1970,4.0
1971,-2.0
1972,-4.0
1973,-7.0
1974,-20.25
1975,8.0
1976,15.0
1977,-3.0
1978,10.0
1979,13.0
1980,8.0
1981,-3.5
1982,9.0
1983,-2.0
1984,-1.0
1985,3.0
1986,-0.25
1987,-27.0
1988,-9.0
1989,-9.0
1990,7.5
1991,10.0
1992,-1.0
1993,2.0
1994,13.75
1995,12.75
1996,2.0
1997,10.0
1998,13.0
1999,8.0
2000,17.0
2001,8.0
2002,15.0
2003,7.0
2004,10.0
2005,7.0
2006,12.75
2007,15.0
2008,-16.75
2009,8.0
2010,15.0
2011,11.0
2012,-8.0
2013,5.0
2014,4.0
2015,-2.0
2016,12.0
2017,14.0
2018,7.0
2019,8.0
2020,13.0
2021,-13.0
2022,-2.25
2023,8.0
2024,17.0
2025,11.0
2026,14.0
2027,16.0
2028,6.0
2029,-2.0
2030,17.0
2031,13.0
2032,-13.75
2033,-8.0
2034,13.0
2035,-0.25
2036,2.75
2037,14.0
2038,-6.25
2039,-5.0
2040,0.0
2041,-7.5
2042,15.0
2043,4.0
2044,-7.25
2045,-12.0
2046,3.0
2047,0.0
2048,8.0
2049,3.0
2050,12.0
2051,10.0
2052,2.0
2053,8.75
2054,9.0
2055,-1.0
2056,-2.75
2057,-1.0
2058,2.0
2059,19.0
2060,11.0
2061,-19.5
2062,19.0
2063,10.0
2064,-1.25
2065,1.0
2066,12.0
2067,-10.0
2068,-7.0
2069,8.0
2070,16.0
2071,-21.75
2072,1.0
2073,7.0
2074,3.0
2075,-6.0
2076,9.0
2077,-4.0
2078,-11.0
2079,13.0
2080,15.0
2081,-16.25
2082,-5.0
2083,10.75
2084,-3.0
2085,-14.25
2086,-2.0
2087,-10.0
2088,-1.25
2089,8.0
2090,-1.5
2091,-3.0
2092,8.0
2093,8.0
2094,3.0
2095,10.0
2096,12.0
2097,2.0
2098,15.0
2099,15.0
2100,-2.0
2101,-18.25
2102,-7.0
2103,13.0
2104,1.75
2105,18.0
2106,4.0
2107,11.0
2108,2.0
2109,1.0
2110,4.0
2111,0.0
2112,-2.0
2113,3.0
2114,2.0
2115,10.0
2116,13.0
2117,7.0
2118,-2.25
2119,7.0
2120,4.0
2121,1.0
2122,-6.0
2123,5.0
2124,16.0
2125,9.0
2126,-8.0
2127,-8.75
2128,9.0
2129,-3.5
2130,12.0
2131,13.0
2132,0.0
2133,10.0
2134,7.0
2135,5.0
2136,8.0
2137,3.0
2138,-5.25
2139,-20.0
2140,4.0
2141,9.0
2142,-2.0
2143,-23.0
2144,0.0
2145,3.0
2146,14.0
2147,-3.0
2148,10.0
2149,-2.0
2150,11.75
2151,9.0
2152,2.0
2153,11.0
2154,4.0
2155,0.0
2156,-2.0
2157,12.0
2158,6.75
2159,14.0
2160,14.0
2161,3.0
2162,14.0
2163,1.0
2164,6.0
2165,8.0
2166,1.0
2167,0.0
2168,13.0
2169,8.0
2170,-4.0
2171,6.0
2172,10.0
2173,4.0
2174,8.0
2175,4.0
2176,0.75
2177,-1.0
2178,17.0
2179,12.0
2180,8.0
2181,9.0
2182,14.0
2183,4.0
2184,10.75
2185,14.0
2186,-21.25
2187,5.0
2188,17.0
2189,-4.25
2190,12.0
2191,-15.0
2192,-3.0
2193,-2.0
2194,4.0
2195,-18.0
2196,9.0
2197,7.0
2198,-5.25
2199,3.0
2200,10.0
2201,6.5
2202,9.0
2203,6.0
2204,-1.25
2205,3.75
2206,-6.25
2207,-4.25
2208,5.75
2209,9.0
2210,12.0
2211,3.0
2212,-9.0
2213,-3.0
2214,9.0
2215,6.0
2216,13.0
2217,4.0
2218,16.0
2219,9.0
2220,0.0
2221,3.0
2222,6.0
2223,16.0
2224,9.0
2225,2.0
2226,-2.0
2227,16.0
2228,-11.0
2229,12.0
2230,4.75
2231,14.0
2232,0.0
2233,4.0
2234,-1.25
2235,5.0
2236,6.0
2237,-6.25
2238,12.0
2239,2.0
2240,5.0
2241,11.0
2242,8.0
2243,-1.0
2244,-19.0
2245,-0.25
2246,1.0
2247,2.0
2248,-3.0
2249,2.0
2250,0.0
2251,9.0
2252,14.0
2253,-1.0
2254,16.0
2255,-11.25
2256,13.0
2257,11.0
2258,9.0
2259,0.0
2260,-3.0
2261,-17.0
2262,2.0
2263,-4.0
2264,12.0
2265,-5.0
2266,1.0
2267,5.75
2268,-0.5
2269,7.0
2270,14.0
2271,-14.0
2272,12.0
2273,16.0
2274,-7.0
2275,4.0
2276,14.0
2277,2.0
2278,11.5
2279,14.0
2280,-1.0
2281,3.0
2282,-1.0
2283,-14.0
2284,14.0
2285,13.0
2286,14.0
2287,3.0
2288,0.25
2289,3.5
2290,4.0
2291,11.0
2292,10.0
2293,11.0
2294,13.0
2295,8.0
2296,-22.0
2297,10.0
2298,-13.25
2299,2.0
2300,11.0
2301,-7.0
2302,3.0
2303,-16.5
2304,3.0
2305,9.0
2306,11.0
2307,1.0
2308,-7.0
2309,0.0
2310,-9.25
2311,-11.0
2312,-0.25
2313,2.0
2314,0.0
2315,-13.0
2316,-8.25
2317,17.0
2318,15.75
2319,4.0
2320,17.0
2321,-5.0
2322,11.0
2323,3.75
2324,-4.0
2325,-16.0
2326,-14.0
2327,14.0
2328,-0.5
2329,9.0
2330,9.75
2331,8.0
2332,11.5
2333,12.0
2334,1.0
2335,6.0
2336,7.0
2337,8.0
2338,-8.0
2339,6.0
2340,8.0
2341,7.0
2342,15.0
2343,-7.5
2344,8.0
2345,11.0
2346,-3.0
2347,9.0
2348,4.0
2349,-8.25
2350,11.0
2351,6.0
2352,-2.0
2353,-15.0
2354,11.0
2355,17.0
2356,17.0
2357,6.75
2358,13.0
2359,6.0
2360,4.0
2361,1.0
2362,5.75
2363,4.0
2364,-4.0
2365,-6.25
2366,9.75
2367,-1.75
2368,9.0
2369,1.0
2370,2.0
2371,15.0
2372,-18.0
2373,-8.0
2374,5.0
2375,18.0
2376,12.5
2377,4.0
2378,-5.0
2379,13.0
2380,5.5
2381,6.0
2382,12.0
2383,14.0
2384,16.0
2385,5.0
2386,11.0
2387,13.0
2388,-4.25
2389,4.0
2390,7.0
2391,10.0
2392,0.0
2393,-7.0
2394,8.75
2395,7.25
2396,5.0
2397,3.75
2398,5.0
2399,-5.0
2400,7.0
2401,11.0
2402,-8.0
2403,12.0
2404,15.0
2405,-5.0
2406,18.0
2407,14.0
2408,5.0
2409,18.0
2410,10.5
2411,5.0
2412,-18.0
2413,13.5
2414,-2.0
2415,1.25
2416,16.0
2417,17.0
2418,-3.0
2419,-1.0
2420,2.0
2421,2.0
2422,7.0
2423,-3.5
2424,-12.0
2425,15.0
2426,6.0
2427,12.0
2428,11.0
2429,14.0
2430,11.0
2431,4.0
2432,14.0
2433,-7.25
2434,6.75
2435,12.0
2436,-3.0
2437,15.0
2438,15.0
2439,-22.5
2440,5.0
2441,11.0
2442,-1.0
2443,6.0
2444,1.0
2445,3.0
2446,14.0
2447,9.0
2448,-17.0
2449,-6.0
2450,5.0
2451,7.0
2452,-10.0
2453,5.0
2454,1.0
2455,11.0
2456,8.0
2457,5.0
2458,12.0
2459,-2.0
2460,-18.0
2461,4.0
2462,5.75
2463,7.0
2464,3.0
2465,-15.75
2466,10.0
2467,2.75
2468,8.0
2469,14.0
2470,17.0
2471,-7.25
2472,16.0
2473,8.0
2474,9.0
2475,4.0
2476,-4.0
2477,15.0
2478,13.5
2479,9.0
2480,8.0
2481,-1.0
2482,-6.0
2483,8.0
2484,5.0
2485,-11.0
2486,13.0
2487,6.0
2488,7.0
2489,9.0
2490,6.0
2491,12.0
2492,2.0
2493,0.0
2494,12.75
2495,-13.5
2496,10.0
2497,-23.25
2498,-23.0
2499,15.0
2500,5.75
2501,10.0
2502,-15.25
2503,3.0
2504,14.0
2505,2.0
2506,10.0
2507,0.0
2508,-9.0
2509,1.0
2510,11.75
2511,15.0
2512,-0.75
2513,3.0
2514,5.5
2515,-18.0
2516,-2.0
2517,14.0
2518,0.0
2519,15.0
2520,6.0
2521,-3.0
2522,-10.0
2523,-18.0
2524,10.0
2525,-1.0
2526,14.25
2527,1.0
2528,-2.25
2529,17.0
2530,1.25
2531,3.0
2532,3.0
2533,4.5
2534,-7.75
2535,9.0
2536,-7.0
2537,18.0
2538,8.0
2539,-14.0
2540,1.0
2541,16.0
2542,3.0
2543,-3.0
2544,1.0
2545,5.75
2546,4.0
2547,2.0
2548,11.0
2549,4.0
2550,11.0
2551,8.0
2552,2.0
2553,1.75
2554,9.0
2555,12.0
2556,18.0
2557,8.0
2558,0.0
2559,6.0
2560,9.0
2561,-8.5
2562,6.0
2563,13.0
2564,-6.25
2565,-2.5
2566,8.5
2567,7.0
2568,16.0
2569,-10.0
2570,8.75
2571,-1.0
2572,-6.0
2573,-2.0
2574,18.0
2575,11.0
2576,15.0
2577,-20.0
2578,15.0
2579,-8.0
2580,4.0
2581,7.0
2582,3.0
2583,-1.0
2584,7.0
2585,-12.25
2586,14.0
2587,-13.0
2588,12.0
2589,-3.0
2590,8.0
2591,5.75
2592,-15.0
2593,8.75
2594,10.0
2595,3.75
2596,10.0
2597,9.0
2598,1.0
2599,3.0
2600,8.0
2601,-1.0
2602,13.0
2603,13.0
2604,14.0
2605,20.0
2606,14.0
2607,10.0
2608,7.0
2609,0.0
2610,9.0
2611,16.0
2612,1.0
2613,9.0
2614,7.0
2615,-0.75
2616,11.0
2617,-2.0
2618,11.0
2619,0.0
2620,-15.25
2621,11.5
2622,12.0
2623,7.0
2624,9.0
2625,-1.0
2626,-18.0
2627,3.0
2628,-10.0
2629,9.0
2630,-10.25
2631,-1.25
2632,5.0
2633,5.0
2634,-6.5
2635,0.75
2636,-6.0
2637,6.0
2638,12.0
2639,14.0
2640,10.0
2641,0.0
2642,12.0
2643,-6.25
2644,11.0
2645,-9.0
2646,0.0
2647,-11.0
2648,11.0
2649,-5.25
2650,8.0
2651,13.0
2652,6.0
2653,7.0
2654,10.0
2655,-13.75
2656,2.0
2657,16.0
2658,-12.0
2659,-9.0
2660,-12.0
2661,2.0
2662,7.0
2663,9.75
2664,8.0
2665,12.0
2666,7.0
2667,13.0
2668,5.5
2669,0.0
2670,16.75
2671,-6.0
2672,12.0
2673,-5.25
2674,3.75
2675,3.0
2676,3.0
2677,4.0
2678,11.0
2679,13.0
2680,-3.0
2681,9.0
2682,15.0
2683,-11.0
2684,11.0
2685,-3.0
2686,1.0
2687,16.0
2688,-1.0
2689,5.0
2690,9.0
2691,-14.0
2692,7.0
2693,8.0
2694,11.0
2695,15.0
2696,-0.25
2697,3.0
2698,3.0
2699,-3.0
2700,-11.0
2701,5.0
2702,15.0
2703,-4.0
2704,9.0
2705,-23.25
2706,12.0
2707,5.0
2708,14.0
2709,12.0
2710,11.0
2711,6.0
2712,3.0
2713,10.75
2714,-5.0
2715,14.0
2716,3.0
2717,-2.0
2718,12.75
2719,8.0
2720,14.0
2721,5.0
2722,12.0
2723,15.0
2724,15.0
2725,-2.0
2726,10.0
2727,5.75
2728,6.0
2729,6.0
2730,8.0
2731,4.0
2732,5.0
2733,5.0
2734,0.0
2735,8.0
2736,12.0
2737,4.0
2738,14.0
2739,-17.0
2740,13.0
2741,13.0
2742,11.0
2743,2.0
2744,-7.0
2745,15.0
2746,0.0
2747,15.0
2748,-1.0
2749,15.0
2750,-11.0
2751,6.0
2752,7.75
2753,0.0
2754,9.0
2755,13.0
2756,12.0
2757,2.0
2758,-1.0
2759,2.0
2760,0.0
2761,4.0
2762,-7.0
2763,16.0
2764,8.0
2765,4.0
2766,14.0
2767,3.0
2768,7.0
2769,5.5
2770,2.25
2771,0.5
2772,5.0
2773,13.5
2774,2.0
2775,4.0
2776,-4.0
2777,4.0
2778,13.0
2779,15.0
2780,0.75
2781,3.0
2782,10.0
2783,10.0
2784,-1.0
2785,16.0
2786,4.0
2787,0.0
2788,16.0
2789,18.0
2790,13.75
2791,14.0
2792,12.0
2793,11.0
2794,-1.0
2795,16.0
2796,0.5
2797,9.0
2798,6.0
2799,12.0
2800,6.0
2801,4.0
2802,7.0
2803,2.75
2804,17.0
2805,6.0
2806,2.0
2807,-2.25
2808,0.0
2809,8.0
2810,7.0
2811,-14.0
2812,18.0
2813,12.0
2814,17.75
2815,1.25
2816,-5.0
2817,-8.0
2818,14.0
2819,-3.0
2820,-1.25
2821,2.0
2822,10.0
2823,-1.0
2824,-2.0
2825,15.0
2826,0.0
2827,-7.0
2828,-2.25
2829,4.0
2830,-1.0
2831,14.0
2832,4.0
2833,11.0
2834,-6.75
2835,19.0
2836,7.0
2837,14.0
2838,3.0
2839,10.0
2840,-17.0
2841,-6.0
2842,-4.0
2843,16.0
2844,1.0
2845,1.0
2846,7.0
2847,8.0
2848,-2.0
2849,16.0
2850,10.0
2851,6.0
2852,5.0
2853,-7.0
2854,14.75
2855,-6.0
2856,2.0
2857,3.0
2858,10.0
2859,2.5
2860,3.0
2861,-8.0
2862,-2.0
2863,3.0
2864,-5.0
2865,11.0
2866,-9.25
2867,9.0
2868,12.0
2869,-11.0
2870,-4.0
2871,1.0
2872,-1.0
2873,16.0
2874,6.0
2875,8.0
2876,-2.25
2877,5.0
2878,-11.25
2879,6.0
2880,12.0
2881,-14.0
2882,6.0
2883,1.75
2884,6.0
2885,6.0
2886,-1.0
2887,-6.0
2888,-5.0
2889,-6.25
2890,13.0
2891,11.0
2892,18.0
2893,-13.0
2894,13.25
2895,18.0
2896,11.0
2897,9.0
2898,12.0
2899,5.0
2900,4.0
2901,-13.0
2902,-8.5
2903,5.0
2904,10.0
2905,2.0
2906,9.0
2907,5.0
2908,6.0
2909,7.0
2910,-1.0
2911,13.0
2912,12.75
2913,-13.0
2914,12.0
2915,-18.0
2916,0.0
2917,16.0
2918,17.0
2919,4.0
2920,-3.0
2921,-2.0
2922,3.0
2923,10.75
2924,6.0
2925,1.0
2926,-3.0
2927,-21.0
2928,-2.0
2929,4.0
2930,12.75
2931,2.0
2932,0.0
2933,5.0
2934,13.0
2935,5.0
2936,9.0
2937,3.0
2938,-17.0
2939,9.0
2940,9.75
2941,-16.0
2942,3.0
2943,5.0
2944,-1.0
2945,2.0
2946,10.0
2947,-22.0
2948,8.0
2949,-7.5
2950,4.0
2951,3.0
2952,3.0
2953,11.0
2954,-11.5
2955,-10.25
2956,13.0
2957,9.75
2958,7.0
2959,-2.25
2960,4.0
2961,-0.25
2962,-3.0
2963,3.0
2964,12.0
2965,-11.0
2966,8.0
2967,-2.25
2968,2.0
2969,-10.0
2970,-3.0
2971,-5.75
2972,8.0
2973,7.0
2974,4.0
2975,-7.0
2976,10.75
2977,4.0
2978,-3.0
2979,8.0
2980,-14.0
2981,-0.5
2982,-6.0
2983,5.0
2984,2.0
2985,13.5
2986,15.0
2987,7.0
2988,7.0
2989,7.0
2990,13.0
2991,-13.0
2992,16.0
2993,1.0
2994,13.0
2995,7.0
2996,-0.25
2997,9.0
2998,-5.0
2999,0.0
3000,-20.0
3001,-12.0
3002,-3.0
3003,2.0
3004,-0.5
3005,1.75
3006,6.0
3007,5.0
3008,-8.25
3009,14.0
3010,13.0
3011,12.0
3012,4.0
3013,2.75
3014,-21.5
3015,-3.0
3016,5.75
3017,4.0
3018,13.0
3019,1.0
3020,7.0
3021,12.0
3022,7.0
3023,-2.0
3024,8.75
3025,-3.0
3026,11.0
3027,17.0
3028,2.0
3029,3.0
3030,2.0
3031,3.0
3032,3.0
3033,-1.25
3034,0.0
3035,5.5
3036,1.0
3037,-4.75
3038,-4.25
3039,12.0
3040,8.75
3041,-13.0
3042,16.0
3043,9.0
3044,9.0
3045,2.0
3046,3.0
3047,13.0
3048,-12.0
3049,6.0
3050,-1.0
3051,-9.0
3052,-11.0
3053,-4.5
3054,-3.25
3055,13.0
3056,1.0
3057,9.0
3058,-2.0
3059,6.0
3060,5.0
3061,-24.0
3062,14.0
3063,-1.0
3064,7.0
3065,11.0
3066,-5.0
3067,15.0
3068,5.0
3069,4.25
3070,12.0
3071,5.0
3072,5.0
3073,9.0
3074,-3.0
3075,11.0
3076,-28.75
3077,16.0
3078,-2.0
3079,-2.0
3080,7.0
3081,16.0
3082,-17.25
3083,20.0
3084,-5.0
3085,-4.0
3086,9.0
3087,-5.0
3088,0.0
3089,1.0
3090,-7.0
3091,0.0
3092,11.0
3093,2.0
3094,8.75
3095,-11.0
3096,-22.0
3097,-3.0
3098,13.0
3099,-7.0
3100,5.0
3101,-3.25
3102,1.0
3103,5.0
3104,4.0
3105,-0.25
3106,12.0
3107,1.75
3108,-8.0
3109,11.0
3110,7.0
3111,-16.0
3112,-18.0
3113,3.75
3114,0.0
3115,2.0
3116,6.75
3117,-10.0
3118,-7.0
3119,12.0
3120,-11.0
3121,-18.0
3122,7.0
3123,8.0
3124,1.5
3125,10.0
3126,-8.0
3127,5.0
3128,14.0
3129,-11.5
3130,-11.0
3131,-1.25
3132,1.0
3133,-17.0
3134,-12.25
3135,2.0
3136,-3.0
3137,1.0
3138,-12.0
3139,-3.0
3140,18.0
3141,-12.0
3142,5.0
3143,1.25
3144,-4.0
3145,8.0
3146,5.0
3147,0.0
3148,18.0
3149,14.0
3150,14.0
3151,-4.0
3152,6.0
3153,15.0
3154,14.0
3155,8.0
3156,3.0
3157,-4.25
3158,11.0
3159,2.0
3160,11.0
3161,11.0
3162,9.0
3163,18.0
3164,1.25
3165,1.0
3166,-13.0
3167,14.0
3168,-3.0
3169,14.0
3170,17.0
3171,16.0
3172,-1.0
3173,-1.0
3174,-1.0
3175,-6.0
3176,-5.0
3177,11.0
3178,2.0
3179,1.5
3180,6.0
3181,11.0
3182,-0.25
3183,8.0
3184,1.0
3185,7.0
3186,-4.0
3187,-5.0
3188,-3.0
3189,-13.0
3190,16.0
3191,7.0
3192,13.0
3193,7.75
3194,-10.0
3195,1.0
3196,0.0
3197,-4.25
3198,16.0
3199,17.0
3200,-2.0
3201,13.0
3202,4.0
3203,15.0
3204,6.0
3205,13.0
3206,10.0
3207,2.0
3208,11.0
3209,5.0
3210,16.0
3211,-4.0
3212,-11.0
3213,12.0
3214,16.0
3215,-9.0
3216,6.5
3217,-5.25
3218,16.0
3219,18.0
3220,4.0
3221,18.0
3222,11.0
3223,-1.75
3224,-20.0
3225,10.0
3226,18.0
3227,-4.0
3228,-7.0
3229,7.0
3230,-16.0
3231,17.0
3232,15.0
3233,4.0
3234,-10.75
3235,20.0
3236,5.0
3237,11.0
3238,-3.0
3239,2.5
3240,5.0
3241,-13.75
3242,3.75
3243,0.0
3244,0.0
3245,13.0
3246,15.75
3247,13.0
3248,7.0
3249,15.75
3250,7.0
3251,-6.0
3252,14.75
3253,14.0
3254,-12.0
3255,15.5
3256,3.0
3257,-4.5
3258,16.0
3259,7.0
3260,10.75
3261,7.0
3262,7.0
3263,-14.25
3264,-2.25
3265,5.0
3266,19.0
3267,8.0
3268,9.0
3269,0.0
3270,4.0
3271,8.0
3272,20.0
3273,-4.0
3274,-8.0
3275,18.0
3276,14.0
3277,8.0
3278,-13.0
3279,10.0
3280,10.0
3281,11.0
3282,13.0
3283,-5.25
3284,1.75
3285,0.0
3286,12.0
3287,-14.0
3288,3.25
3289,-7.0
3290,-7.25
3291,5.0
3292,6.0
3293,-26.25
3294,11.0
3295,3.0
3296,4.0
3297,5.0
3298,-2.25
3299,6.0
3300,12.0
3301,1.0
3302,7.0
3303,15.0
3304,0.0
3305,-4.75
3306,1.0
3307,8.75
3308,6.0
3309,14.0
3310,12.0
3311,0.75
3312,13.0
3313,13.0
3314,-10.0
3315,14.0
3316,7.0
3317,1.0
3318,4.0
3319,9.0
3320,-9.5
3321,-2.0
3322,10.0
3323,12.0
3324,-26.0
3325,-9.0
3326,14.0
3327,3.5
3328,-6.0
3329,0.0
3330,-0.25
3331,11.0
3332,-18.25
3333,5.0
3334,12.0
3335,1.0
3336,2.0
3337,4.0
3338,3.0
3339,10.5
3340,8.0
3341,10.0
3342,-3.0
3343,3.0
3344,2.0
3345,11.0
3346,-3.0
3347,9.75
3348,2.0
3349,1.0
3350,17.0
3351,-4.0
3352,-5.0
3353,-5.0
3354,9.0
3355,11.0
3356,-3.0
3357,8.0
3358,-10.5
3359,19.0
3360,3.0
3361,8.0
3362,4.0
3363,3.0
3364,16.0
3365,3.0
3366,5.0
3367,-1.0
3368,1.0
3369,-5.0
3370,-4.0
3371,-16.0
3372,1.0
3373,5.0
3374,-9.0
3375,12.0
3376,5.0
3377,0.75
3378,15.0
3379,14.0
3380,-14.0
3381,6.75
3382,7.0
3383,11.0
3384,7.0
3385,-8.0
3386,12.0
3387,7.0
3388,-1.0
3389,-19.5
3390,-3.0
3391,9.75
3392,3.0
3393,-7.0
3394,1.0
3395,6.0
3396,-2.75
3397,6.0
3398,0.75
3399,8.0
3400,-1.0
3401,15.0
3402,2.0
3403,-5.5
3404,14.0
3405,-26.0
3406,9.0
3407,13.0
3408,-4.0
3409,1.0
3410,-1.0
3411,1.25
3412,-4.25
3413,3.0
3414,11.0
3415,0.0
3416,8.0
3417,-6.75
3418,-14.0
3419,-8.25
3420,4.0
3421,7.0
3422,3.0
3423,8.0
3424,9.0
3425,-5.0
3426,3.0
3427,13.0
3428,0.0
3429,11.0
3430,-2.0
3431,8.0
3432,-7.0
3433,2.0
3434,17.0
3435,0.0
3436,16.0
3437,2.0
3438,2.0
3439,13.0
3440,15.0
3441,17.0
3442,-4.0
3443,12.0
3444,3.0
3445,8.0
3446,-7.5
3447,15.0
3448,4.75
3449,11.0
3450,6.0
3451,0.75
3452,-7.0
3453,1.0
3454,9.0
3455,-23.5
3456,2.0
3457,10.0
3458,10.0
3459,11.0
3460,11.75
3461,-10.0
3462,9.0
3463,8.0
3464,7.0
3465,-13.0
3466,-19.0
3467,-10.25
3468,-6.0
3469,0.0
3470,19.0
3471,8.0
3472,11.0
3473,-5.0
3474,7.0
3475,2.0
3476,-14.0
3477,7.0
3478,1.75
3479,5.0
3480,3.0
3481,2.0
3482,-16.5
3483,3.0
3484,4.0
3485,0.0
3486,3.0
3487,2.0
3488,-13.0
3489,4.0
3490,-16.0
3491,7.0
3492,11.5
3493,12.0
3494,3.0
3495,11.0
3496,3.75
3497,-3.0
3498,4.0
3499,12.0
3500,6.0
3501,15.0
3502,-5.0
3503,0.0
3504,10.0
3505,10.0
3506,11.0
3507,-1.0
3508,1.25
3509,11.0
3510,1.25
3511,1.0
3512,-8.0
3513,-10.25
3514,-13.0
3515,4.0
3516,-5.25
3517,-9.0
3518,7.0
3519,13.0
3520,4.0
3521,10.0
3522,3.0
3523,7.0
3524,-12.25
3525,0.0
3526,1.0
3527,5.0
3528,10.0
3529,1.0
3530,11.0
3531,-5.0
3532,-8.0
3533,3.0
3534,7.75
3535,12.0
3536,4.0
3537,0.0
3538,-16.0
3539,0.0
3540,12.0
3541,2.0
3542,12.0
3543,-5.0
3544,0.0
3545,-1.0
3546,9.0
3547,1.0
3548,12.0
3549,18.0
3550,4.0
3551,13.0
3552,-9.0
3553,10.0
3554,9.0
3555,3.0
3556,7.0
3557,6.0
3558,2.0
3559,-9.0
3560,-0.25
3561,-3.0
3562,7.0
3563,5.0
3564,10.0
3565,2.0
3566,5.75
3567,14.0
3568,9.0
3569,5.0
3570,9.0
3571,5.75
3572,10.0
3573,-5.0
3574,-1.0
3575,-16.0
3576,4.0
3577,5.0
3578,16.0
3579,5.0
3580,10.0
3581,11.0
3582,18.0
3583,1.0
3584,2.0
3585,3.0
3586,1.25
3587,-4.0
3588,-14.0
3589,-14.25
3590,4.0
3591,10.0
3592,7.0
3593,2.75
3594,13.75
3595,-3.0
3596,2.0
3597,3.0
3598,6.0
3599,-9.0
3600,2.0
3601,-3.25
3602,-2.0
3603,6.0
3604,2.0
3605,-19.0
3606,-12.0
3607,0.25
3608,16.0
3609,8.0
3610,-2.25
3611,15.0
3612,2.75
3613,-12.0
3614,3.0
3615,-5.25
3616,5.0
3617,10.0
3618,5.0
3619,3.0
3620,13.0
3621,-6.0
3622,-23.25
3623,13.0
3624,12.0
3625,9.0
3626,-7.0
3627,-6.0
3628,13.0
3629,7.0
3630,8.75
3631,20.0
3632,12.0
3633,6.0
3634,5.0
3635,-3.0
3636,-9.0
3637,3.0
3638,13.0
3639,1.0
3640,-7.25
3641,10.0
3642,2.0
3643,10.0
3644,3.0
3645,-13.5
3646,4.0
3647,12.0
3648,-4.0
3649,-27.0
3650,4.0
3651,0.0
3652,-1.0
3653,-2.25
3654,12.0
3655,5.0
3656,2.0
3657,-3.25
3658,-4.0
3659,-14.0
3660,18.0
3661,3.0
3662,2.0
3663,12.0
3664,13.0
3665,11.0
3666,5.5
3667,11.0
3668,7.0
3669,7.0
3670,-10.0
