,composite_conflict_score
0,8.5
1,0.0
2,11.0
3,2.0
4,10.0
5,6.0
6,11.0
7,0.0
8,12.0
9,9.0
10,3.75
11,4.0
12,15.0
13,-6.0
14,14.75
15,11.5
16,-12.25
17,11.0
18,16.0
19,11.0
20,18.0
21,1.0
22,-4.0
23,0.0
24,9.5
25,2.0
26,-2.0
27,9.0
28,-5.0
29,10.0
30,7.0
31,4.0
32,12.0
33,-10.0
34,9.0
35,-7.0
36,5.25
37,11.0
38,9.0
39,4.0
40,17.0
41,20.0
42,9.0
43,5.0
44,4.75
45,11.0
46,10.0
47,12.0
48,20.0
49,8.0
50,10.0
51,2.0
52,-2.0
53,-3.0
54,-15.0
55,-11.0
56,0.0
57,6.0
58,8.0
59,-3.0
60,9.0
61,7.75
62,11.0
63,-5.0
64,-15.0
65,12.0
66,-10.0
67,3.0
68,-3.0
69,3.0
70,1.75
71,-5.0
72,19.0
73,-2.0
74,2.0
75,-13.0
76,6.0
77,7.0
78,3.0
79,12.0
80,-6.0
81,2.0
82,10.0
83,-18.0
84,12.0
85,1.0
86,0.0
87,-3.0
88,13.0
89,0.0
90,-20.0
91,-1.0
92,0.0
93,16.75
94,1.0
95,11.0
96,6.0
97,13.0
98,12.0
99,-22.0
100,4.0
101,0.0
102,2.0
103,-5.0
104,7.75
105,6.0
106,11.0
107,-4.0
108,4.0
109,5.0
110,9.0
111,14.0
112,-2.0
113,0.0
114,0.0
115,18.0
116,-4.0
117,-1.0
118,11.0
119,18.0
120,13.0
121,-7.0
122,-10.5
123,-5.0
124,-1.0
125,15.0
126,6.0
127,9.0
128,4.0
129,0.0
130,5.0
131,-12.0
132,17.0
133,-21.0
134,7.0
135,14.0
136,-4.0
137,4.75
138,-1.0
139,11.25
140,0.0
141,3.0
142,-7.25
143,-1.25
144,15.0
145,13.0
146,11.75
147,16.0
148,3.0
149,5.0
150,-1.0
151,-7.25
152,9.75
153,-1.0
154,2.0
155,10.0
156,-4.0
157,6.0
158,3.0
159,1.0
160,5.0
161,-13.25
162,3.0
163,-5.0
164,13.75
165,-4.0
166,6.0
167,-7.0
168,-11.0
169,11.0
170,-15.0
171,6.0
172,-16.0
173,17.0
174,12.0
175,-11.0
176,14.0
177,4.0
178,-12.0
179,7.0
180,13.0
181,7.0
182,18.0
183,-25.0
184,10.0
185,-3.0
186,1.0
187,3.0
188,-7.25
189,-2.0
190,15.0
191,-10.0
192,2.0
193,1.0
194,-4.0
195,1.0
196,8.0
197,2.0
198,-12.0
199,20.0
200,5.0
201,11.0
202,4.0
203,-7.25
204,5.0
205,-18.75
206,2.0
207,0.0
208,11.0
209,18.0
210,5.0
211,-5.5
212,5.0
213,-3.0
214,9.0
215,5.0
216,-2.5
217,11.0
218,15.0
219,-1.0
220,14.0
221,9.75
222,9.0
223,3.0
224,9.0
225,15.0
226,11.0
227,-1.0
228,-7.25
229,6.0
230,-7.25
231,-7.0
232,18.0
233,3.0
234,3.0
235,11.0
236,-2.0
237,2.75
238,10.75
239,-2.5
240,-11.0
241,-11.0
242,8.0
243,0.0
244,-14.5
245,16.0
246,2.5
247,-4.0
248,6.0
249,3.0
250,15.0
251,11.0
252,6.0
253,-4.0
254,-8.25
255,-3.0
256,15.0
257,12.75
258,-4.0
259,14.0
260,4.0
261,3.0
262,13.0
263,3.0
264,6.75
265,14.0
266,13.0
267,-3.0
268,17.0
269,-2.0
270,16.0
271,5.0
272,13.0
273,19.0
274,0.0
275,10.0
276,-3.0
277,2.0
278,2.0
279,12.0
280,2.0
281,-17.75
282,9.0
283,5.0
284,10.0
285,18.0
286,9.0
287,10.0
288,13.0
289,11.75
290,3.75
291,11.0
292,6.0
293,-9.0
294,6.0
295,12.0
296,10.0
297,9.0
298,5.0
299,15.0
300,-1.5
301,-1.0
302,-0.25
303,15.0
304,10.0
305,-4.0
306,4.0
307,-4.25
308,-6.0
309,11.0
310,-8.0
311,14.0
312,-3.0
313,17.0
314,-13.0
315,10.0
316,14.0
317,0.0
318,1.0
319,-6.0
320,-6.0
321,6.0
322,-9.0
323,2.75
324,3.0
325,-7.0
326,-3.0
327,3.0
328,15.0
329,-12.0
330,3.0
331,9.5
332,18.0
333,6.0
334,-3.0
335,-8.0
336,7.0
337,8.25
338,11.0
339,-1.5
340,9.75
341,-23.0
342,-10.0
343,7.5
344,0.0
345,9.0
346,8.75
347,5.5
348,10.0
349,-1.25
350,0.0
351,9.75
352,10.0
353,-8.25
354,0.0
355,12.0
356,13.0
357,-11.0
358,8.0
359,12.0
360,-5.0
361,5.0
362,3.0
363,12.0
364,1.0
365,-2.0
366,13.0
367,-9.25
368,1.0
369,16.0
370,4.0
371,1.0
372,8.0
373,6.0
374,14.0
375,8.0
376,3.0
377,4.0
378,7.0
379,14.75
380,-7.0
381,10.0
382,1.75
383,10.75
384,13.0
385,2.0
386,-5.0
387,10.0
388,17.0
389,1.0
390,9.0
391,0.75
392,-2.0
393,-17.0
394,9.0
395,-10.0
396,-0.75
397,0.0
398,17.0
399,14.0
400,-10.0
401,5.0
402,15.0
403,8.0
404,-2.0
405,1.0
406,15.0
407,-1.0
408,0.0
409,-16.0
410,13.0
411,12.0
412,4.0
413,15.0
414,-1.0
415,5.75
416,4.75
417,15.0
418,8.0
419,11.0
420,9.5
421,16.0
422,3.0
423,8.0
424,-23.0
425,-9.0
426,13.0
427,5.0
428,9.75
429,6.75
430,-1.5
431,-21.0
432,0.0
433,-6.0
434,10.0
435,7.0
436,-2.0
437,1.75
438,-15.5
439,11.0
440,-13.0
441,3.0
442,-4.0
443,16.0
444,14.0
445,17.0
446,14.0
447,13.0
448,-8.0
449,11.0
450,15.0
451,-5.5
452,-12.0
453,4.0
454,-12.25
455,-1.0
456,8.0
457,6.0
458,12.0
459,-24.0
460,-3.0
461,-9.0
462,1.0
463,17.0
464,2.0
465,5.75
466,-18.0
467,10.0
468,6.0
469,13.0
470,14.0
471,5.0
472,4.0
473,7.0
474,9.0
475,0.0
476,-0.75
477,-2.0
478,-26.0
479,12.0
480,-10.0
481,2.0
482,4.0
483,8.0
484,5.0
485,2.0
486,-17.0
487,1.0
488,13.0
489,4.0
490,9.0
491,-8.0
492,17.0
493,8.0
494,12.0
495,-10.25
496,-11.0
497,15.0
498,2.0
499,0.0
500,12.0
501,7.0
502,-4.25
503,5.0
504,7.0
505,9.0
506,-8.0
507,-7.0
508,-8.5
509,6.0
510,-5.0
511,-3.0
512,17.0
513,9.5
514,7.0
515,-2.0
516,8.0
517,-24.5
518,6.0
519,-17.0
520,13.0
521,4.0
522,1.0
523,2.0
524,6.0
525,-4.75
526,19.0
527,-1.0
528,0.0
529,-3.0
530,11.0
531,18.0
532,1.0
533,8.0
534,9.0
535,-24.0
536,1.25
537,-8.0
538,17.0
539,-4.0
540,-25.25
541,5.5
542,1.25
543,5.0
544,6.0
545,9.75
546,-2.0
547,3.0
548,11.0
549,-8.0
550,7.0
551,7.0
552,-6.0
553,5.0
554,-23.0
555,6.0
556,6.0
557,13.0
558,-8.0
559,5.0
560,-8.0
561,-7.0
562,15.0
563,-9.25
564,-4.0
565,-16.0
566,9.75
567,8.0
568,13.0
569,6.0
570,2.25
571,-3.0
572,-2.0
573,4.0
574,11.0
575,-2.0
576,-19.0
577,1.25
578,2.0
579,15.0
580,1.25
581,-5.0
582,-1.0
583,3.0
584,16.0
585,14.0
586,12.0
587,14.0
588,8.0
589,12.0
590,10.0
591,-1.0
592,2.75
593,9.75
594,4.0
595,7.0
596,-3.0
597,-8.0
598,4.0
599,16.0
600,-2.5
601,11.0
602,0.0
603,2.0
604,13.0
605,-9.0
606,8.0
607,12.5
608,5.0
609,4.0
610,16.0
611,6.0
612,12.0
613,0.0
614,20.0
615,-4.5
616,12.0
617,2.0
618,1.0
619,-12.5
620,-6.0
621,16.0
622,-7.0
623,16.5
624,-18.0
625,-16.0
626,-9.0
627,-7.0
628,10.0
629,13.0
630,1.0
631,15.0
632,5.0
633,6.0
634,5.0
635,-4.0
636,2.0
637,-13.0
638,13.0
639,-14.0
640,13.0
641,7.0
642,-8.0
643,4.0
644,-7.0
645,1.0
646,8.0
647,4.0
648,11.5
649,9.0
650,-4.5
651,12.0
652,9.0
653,11.0
654,16.0
655,1.0
656,1.0
657,9.0
658,9.0
659,2.75
660,0.0
661,9.0
662,15.0
663,0.0
664,15.0
665,13.0
666,17.0
667,8.0
668,8.0
669,12.0
670,12.0
671,15.0
672,1.0
673,-14.0
674,-5.0
675,5.75
676,7.0
677,-2.0
678,11.0
679,16.0
680,11.0
681,5.0
682,2.0
683,2.0
684,6.0
685,4.0
686,-2.0
687,-3.25
688,9.0
689,-1.25
690,3.0
691,-4.0
692,15.0
693,-13.0
694,9.75
695,1.0
696,10.0
697,3.0
698,12.75
699,8.0
700,-15.0
701,7.75
702,5.0
703,3.0
704,11.0
705,15.0
706,2.75
707,-0.25
708,2.0
709,6.0
710,2.0
711,4.0
712,3.0
713,2.0
714,3.0
715,-2.0
716,-13.0
717,6.0
718,-7.0
719,-1.0
720,-3.75
721,14.0
722,5.0
723,7.0
724,-26.0
725,17.0
726,6.0
727,3.0
728,15.0
729,-14.0
730,-9.0
731,8.0
732,0.25
733,3.75
734,14.0
735,9.0
736,14.75
737,8.0
738,8.75
739,-7.0
740,8.0
741,11.0
742,9.75
743,17.0
744,4.0
745,-6.0
746,7.0
747,-0.5
748,5.0
749,0.0
750,14.0
751,15.0
752,-2.0
753,5.0
754,-15.0
755,-11.0
756,9.0
757,2.0
758,-10.0
759,-4.25
760,-2.0
761,17.0
762,3.0
763,10.0
764,8.0
765,-8.0
766,-6.0
767,3.0
768,-1.0
769,5.0
770,11.75
771,13.0
772,12.0
773,5.0
774,9.0
775,5.75
776,1.0
777,2.0
778,-1.75
779,12.0
780,16.0
781,4.5
782,-2.75
783,16.75
784,-3.75
785,4.0
786,8.75
787,8.0
788,-7.0
789,8.5
790,3.0
791,12.0
792,-25.0
793,7.0
794,4.0
795,-3.0
796,-9.0
797,13.0
798,-2.0
799,-15.0
800,6.0
801,-24.0
802,5.0
803,0.0
804,8.25
805,1.0
806,5.0
807,8.0
808,6.0
809,3.0
810,14.0
811,3.0
812,13.0
813,5.0
814,-10.0
815,-3.0
816,-1.0
817,8.0
818,-12.0
819,0.75
820,13.0
821,4.0
822,7.0
823,17.0
824,5.0
825,-2.0
826,-13.0
827,-2.0
828,10.0
829,-4.0
830,9.0
831,4.75
832,7.0
833,-17.25
834,17.0
835,6.0
836,4.0
837,4.0
838,12.0
839,-1.0
840,5.0
841,-1.0
842,6.25
843,6.0
844,-8.25
845,5.0
846,7.0
847,2.0
848,-7.0
849,12.0
850,4.0
851,0.0
852,-13.75
853,6.0
854,19.0
855,18.0
856,3.5
857,12.75
858,3.5
859,3.0
860,3.0
861,18.0
862,8.0
863,0.75
864,12.0
865,-1.0
866,1.0
867,6.0
868,4.75
869,8.0
870,9.0
871,2.0
872,6.0
873,5.0
874,2.5
875,5.0
876,10.0
877,5.0
878,4.0
879,12.0
880,-1.0
881,5.0
882,2.0
883,-1.0
884,-1.0
885,-6.0
886,17.0
887,-3.0
888,4.0
889,13.0
890,13.0
891,-6.0
892,9.0
893,3.0
894,12.0
895,1.0
896,1.0
897,13.0
898,2.0
899,0.0
900,6.75
901,-6.0
902,7.0
903,-18.25
904,1.0
905,14.0
906,2.0
907,-6.5
908,3.0
909,6.0
910,17.75
911,-2.0
912,7.0
913,12.0
914,8.0
915,1.0
916,13.0
917,7.0
918,-4.25
919,12.0
920,-2.0
921,7.0
922,7.0
923,6.0
924,-4.0
925,8.75
926,8.0
927,-1.25
928,10.0
929,10.0
930,-1.25
931,5.0
932,5.0
933,-3.0
934,15.0
935,13.0
936,3.0
937,16.0
938,1.0
939,5.0
940,5.0
941,3.0
942,3.0
943,-26.0
944,7.0
945,-1.5
946,14.0
947,-21.75
948,1.25
949,7.0
950,-4.0
951,9.0
952,12.75
953,16.0
954,11.0
955,4.0
956,9.0
957,-2.0
958,12.75
959,4.0
960,0.0
961,9.0
962,9.0
963,-5.0
964,-2.75
965,7.0
966,6.0
967,4.75
968,-7.0
969,-7.0
970,-8.0
971,5.0
972,12.0
973,4.0
974,6.0
975,3.0
976,-5.25
977,2.0
978,-9.5
979,6.0
980,13.0
981,-7.25
982,4.0
983,-5.25
984,1.0
985,4.0
986,-1.0
987,7.0
988,2.0
989,-13.0
990,11.5
991,-5.0
992,-3.0
993,5.0
994,11.0
995,6.0
996,2.0
997,9.0
998,-15.0
999,4.25
1000,-6.0
1001,10.0
1002,10.0
1003,2.0
1004,5.0
1005,9.0
1006,11.0
1007,-1.0
1008,15.0
1009,-23.0
1010,-3.0
1011,14.0
1012,4.0
1013,4.0
1014,10.0
1015,3.5
1016,3.0
1017,14.0
1018,11.75
1019,1.0
1020,15.0
1021,11.0
1022,15.0
1023,12.0
1024,-16.75
1025,6.0
1026,14.0
1027,17.0
1028,-2.0
1029,3.0
1030,-2.0
1031,6.0
1032,-1.25
1033,13.0
1034,16.0
1035,-10.5
1036,8.0
1037,-5.0
1038,6.0
1039,10.0
1040,6.0
1041,8.5
1042,5.5
1043,-1.0
1044,8.0
1045,3.0
1046,3.0
1047,17.0
1048,9.0
1049,1.25
1050,11.0
1051,5.0
1052,16.0
1053,13.75
1054,-13.0
1055,5.0
1056,11.0
1057,10.0
1058,-7.25
1059,2.0
1060,3.0
1061,-1.75
1062,11.0
1063,9.0
1064,12.0
1065,-7.0
1066,-2.0
1067,10.0
1068,-16.5
1069,14.0
1070,1.0
1071,3.0
1072,4.0
1073,-3.5
1074,-24.5
1075,-22.0
1076,5.0
1077,14.0
1078,5.0
1079,11.0
1080,7.0
1081,6.0
1082,9.0
1083,10.0
1084,-0.75
1085,5.0
1086,7.0
1087,18.0
1088,0.0
1089,15.0
1090,10.0
1091,17.0
1092,-8.0
1093,13.0
1094,0.0
1095,11.0
1096,-10.0
1097,-4.25
1098,6.0
1099,1.0
1100,10.0
1101,8.5
1102,6.0
1103,0.0
1104,6.0
1105,3.5
1106,-1.0
1107,14.0
1108,-0.25
1109,11.0
1110,5.0
1111,11.25
1112,3.0
1113,3.75
1114,-8.0
1115,16.0
1116,15.0
1117,7.0
1118,-4.0
1119,3.0
1120,-11.0
1121,2.0
1122,4.0
1123,13.0
1124,2.75
1125,3.0
1126,12.0
1127,-7.0
1128,6.0
1129,11.0
1130,10.75
1131,12.0
1132,7.0
1133,-17.0
1134,-1.0
1135,9.0
1136,3.0
1137,-13.0
1138,2.0
1139,5.0
1140,12.0
1141,18.0
1142,-11.0
1143,2.0
1144,7.0
1145,3.0
1146,0.0
1147,9.0
1148,3.0
1149,0.0
1150,2.0
1151,-4.0
1152,3.0
1153,-12.0
1154,-5.0
1155,-1.0
1156,8.0
1157,1.0
1158,15.0
1159,16.0
1160,4.0
1161,17.25
1162,11.0
1163,17.0
1164,1.0
1165,17.5
1166,8.0
1167,-13.0
1168,-5.0
1169,3.0
1170,-1.5
1171,-1.0
1172,0.0
1173,-7.0
1174,5.0
1175,-6.5
1176,-13.0
1177,-1.0
1178,7.75
1179,-12.0
1180,5.0
1181,15.5
1182,0.75
1183,-3.0
1184,-16.0
1185,8.0
1186,15.0
1187,17.0
1188,9.0
1189,14.0
1190,16.0
1191,10.75
1192,-15.5
1193,9.0
1194,14.0
1195,12.0
1196,3.0
1197,8.0
1198,-10.5
1199,-0.25
1200,-15.5
1201,15.0
1202,7.0
1203,1.0
1204,4.0
1205,11.0
1206,6.0
1207,16.0
1208,9.0
1209,12.75
1210,9.0
1211,-5.25
1212,2.0
1213,12.0
1214,8.0
1215,5.0
1216,-1.25
1217,-17.0
1218,-11.0
1219,9.0
1220,-6.0
1221,2.0
1222,-3.25
1223,14.0
1224,3.0
1225,8.25
1226,7.75
1227,2.0
1228,-12.25
1229,-1.0
1230,2.0
1231,-9.0
1232,-14.75
1233,-2.0
1234,6.0
1235,18.0
1236,7.75
1237,-17.5
1238,0.0
1239,-5.0
1240,18.0
1241,7.0
1242,7.0
1243,13.0
1244,10.0
1245,2.0
1246,-6.0
1247,13.0
1248,15.0
1249,4.0
1250,6.0
1251,-1.25
1252,-4.0
1253,7.0
1254,-1.0
1255,-6.0
1256,-1.0
1257,18.0
1258,15.0
1259,0.0
1260,-9.0
1261,6.0
1262,-1.0
1263,-5.0
1264,0.0
1265,-14.0
1266,-7.0
1267,0.5
1268,-13.25
1269,-10.0
1270,7.0
1271,6.0
1272,11.0
1273,-1.0
1274,17.0
1275,5.0
1276,5.0
1277,3.0
1278,-1.0
1279,3.0
1280,0.0
1281,-7.0
1282,9.0
1283,8.0
1284,11.0
1285,4.0
1286,15.0
1287,2.0
1288,-8.0
1289,9.0
1290,4.75
1291,-2.0
1292,-6.0
1293,6.0
1294,9.0
1295,-4.0
1296,7.0
1297,17.75
1298,5.0
1299,10.0
1300,-4.0
1301,10.0
1302,0.0
1303,9.0
1304,-12.0
1305,11.0
1306,15.0
1307,-14.0
1308,17.0
1309,-5.0
1310,-6.25
1311,12.0
1312,2.0
1313,16.0
1314,-8.0
1315,-4.0
1316,11.0
1317,-1.0
1318,9.0
1319,-4.25
1320,13.0
1321,2.0
1322,3.0
1323,2.0
1324,-1.0
1325,-3.0
1326,3.0
1327,8.0
1328,8.0
1329,0.0
1330,8.0
1331,17.0
1332,15.75
1333,-7.0
1334,6.0
1335,-1.75
1336,-22.25
1337,15.0
1338,5.0
1339,2.0
1340,-3.0
1341,3.0
1342,11.0
1343,12.0
1344,10.0
1345,-1.0
1346,0.0
1347,1.0
1348,13.0
1349,8.0
1350,-7.0
1351,-5.0
1352,3.0
1353,14.75
1354,-3.0
1355,15.0
1356,11.0
1357,-1.0
1358,-3.0
1359,-8.0
1360,3.0
1361,9.0
1362,3.0
1363,8.0
1364,9.0
1365,10.0
1366,6.25
1367,-10.0
1368,-11.0
1369,11.0
1370,7.0
1371,18.75
1372,12.0
1373,-3.0
1374,-1.0
1375,7.0
1376,-1.0
1377,-2.0
1378,6.0
1379,10.5
1380,10.0
1381,-7.0
1382,12.0
1383,5.0
1384,1.0
1385,9.0
1386,-11.0
1387,0.0
1388,15.0
1389,14.0
1390,3.0
1391,9.0
1392,-8.0
1393,2.0
1394,-7.0
1395,9.0
1396,7.0
1397,-9.0
1398,12.0
1399,17.0
1400,5.0
1401,4.0
1402,5.0
1403,-25.0
1404,-5.0
1405,1.5
1406,8.0
1407,15.0
1408,17.0
1409,3.0
1410,-20.0
1411,16.0
1412,13.0
1413,3.0
1414,13.0
1415,14.75
1416,14.0
1417,12.0
1418,-27.75
1419,0.0
1420,13.0
1421,-4.0
1422,5.0
1423,16.0
1424,11.0
1425,16.75
1426,15.0
1427,-2.0
1428,-2.0
1429,3.0
1430,7.0
1431,-1.25
1432,11.0
1433,10.0
1434,-3.25
1435,-4.0
1436,7.0
1437,7.0
1438,10.0
1439,7.25
1440,-18.0
1441,1.0
1442,16.0
1443,-3.0
1444,-4.5
1445,12.0
1446,-4.0
1447,12.0
1448,12.0
1449,6.0
1450,11.0
1451,13.0
1452,-7.0
1453,12.0
1454,-2.0
1455,11.0
1456,13.0
1457,1.0
1458,-12.0
1459,16.0
1460,12.0
1461,-1.0
1462,2.0
1463,-3.0
1464,12.75
1465,-25.0
1466,1.0
1467,-13.25
1468,-6.0
1469,9.0
1470,15.0
1471,9.0
1472,15.0
1473,16.0
1474,6.0
1475,6.0
1476,1.0
1477,1.0
1478,6.0
1479,1.0
1480,12.0
1481,16.0
1482,5.0
1483,13.0
1484,2.0
1485,2.0
1486,20.0
1487,-5.0
1488,7.0
1489,9.0
1490,-11.0
1491,1.0
1492,-16.5
1493,7.75
1494,1.75
1495,-1.0
1496,12.0
1497,15.0
1498,12.0
1499,0.0
1500,1.0
1501,8.0
1502,11.0
1503,0.5
1504,-10.0
1505,2.0
1506,11.0
1507,-8.0
1508,12.75
1509,4.0
1510,10.0
1511,6.0
1512,10.0
1513,16.0
1514,16.0
1515,11.0
1516,-2.25
1517,16.0
1518,-18.25
1519,7.0
1520,14.0
1521,8.75
1522,10.0
1523,11.0
1524,12.0
1525,-2.0
1526,9.0
1527,8.0
1528,0.0
1529,12.0
1530,8.0
1531,14.0
1532,13.0
1533,3.0
1534,-4.0
1535,-0.25
1536,3.0
1537,14.0
1538,-8.0
1539,11.0
1540,1.0
1541,2.0
1542,-1.0
1543,8.0
1544,11.75
1545,8.0
1546,8.0
1547,-12.0
1548,3.0
1549,5.0
1550,0.0
1551,10.0
1552,1.0
1553,6.0
1554,0.0
1555,-9.0
1556,10.0
1557,11.0
1558,9.0
1559,-1.0
1560,-7.0
1561,3.0
1562,7.0
1563,15.0
1564,6.0
1565,2.0
1566,15.0
1567,0.0
1568,12.0
1569,12.0
1570,12.0
1571,-5.25
1572,-3.0
1573,-6.0
1574,0.0
1575,5.0
1576,2.0
1577,2.0
1578,-1.0
1579,-6.0
1580,-7.0
1581,10.0
1582,14.0
1583,-1.0
1584,-4.0
1585,13.0
1586,3.0
1587,7.75
1588,5.0
1589,7.0
1590,-9.0
1591,-1.0
1592,2.75
1593,-6.0
1594,-3.0
1595,6.0
1596,10.5
1597,6.0
1598,-15.0
1599,13.0
1600,11.0
1601,-15.25
1602,14.0
1603,8.0
1604,13.0
1605,16.0
1606,4.0
1607,-17.0
1608,1.5
1609,10.0
1610,11.0
1611,-14.0
1612,9.0
1613,8.0
1614,-5.0
1615,0.0
1616,-9.0
1617,3.0
1618,6.0
1619,8.0
1620,1.75
1621,-21.0
1622,4.0
1623,-1.75
1624,6.0
1625,-2.0
1626,-7.0
1627,8.5
1628,-6.0
1629,5.0
1630,-3.0
1631,8.0
1632,0.75
1633,-11.0
1634,3.0
1635,6.0
1636,7.75
1637,-20.75
1638,9.0
1639,4.75
1640,9.0
1641,-2.0
1642,13.0
1643,-15.5
1644,6.0
1645,3.0
1646,11.0
1647,5.0
1648,-12.0
1649,16.0
1650,5.0
1651,-13.0
1652,12.75
1653,-11.0
1654,9.75
1655,17.0
1656,8.0
1657,8.0
1658,7.0
1659,15.0
1660,4.0
1661,-7.5
1662,1.0
1663,-1.0
1664,2.0
1665,6.0
1666,4.0
1667,-3.0
1668,9.0
1669,12.0
1670,12.0
1671,2.0
1672,14.0
1673,3.0
1674,13.0
1675,-1.5
1676,9.0
1677,-2.0
1678,14.0
1679,3.0
1680,6.0
1681,8.0
1682,-6.0
1683,1.0
1684,-21.0
1685,13.0
1686,-13.0
1687,-8.0
1688,-7.0
1689,13.0
1690,15.75
1691,11.0
1692,4.5
1693,8.0
1694,-21.0
1695,12.75
1696,1.0
1697,-14.0
1698,-6.0
1699,11.0
1700,-12.0
1701,12.0
1702,13.0
1703,16.0
1704,0.0
1705,9.0
1706,17.0
1707,12.0
1708,6.0
1709,6.0
1710,12.0
1711,-1.0
1712,-8.0
1713,8.0
1714,7.0
1715,-2.0
1716,-14.75
1717,-5.0
1718,5.0
1719,4.0
1720,9.0
1721,6.0
1722,0.0
1723,10.0
1724,-15.0
1725,10.0
1726,-0.25
1727,2.0
1728,-1.0
1729,-5.0
1730,-2.0
1731,-3.0
1732,17.0
1733,13.0
1734,-1.0
1735,11.0
1736,4.0
1737,1.5
1738,6.0
1739,-22.75
1740,8.0
1741,6.0
1742,9.0
1743,5.0
1744,-14.0
1745,4.0
1746,-1.0
1747,-8.0
1748,-15.25
1749,12.0
1750,-1.0
1751,15.0
1752,-2.0
1753,-4.0
1754,11.0
1755,2.0
1756,3.0
1757,10.0
1758,14.0
1759,-4.75
1760,-3.25
1761,1.0
1762,-4.0
1763,5.0
1764,16.0
1765,20.0
1766,7.0
1767,15.75
1768,-4.5
1769,4.0
1770,13.0
1771,11.0
1772,5.75
1773,-5.0
1774,-8.0
1775,-5.0
1776,7.0
1777,4.0
1778,11.0
1779,-1.5
1780,5.0
1781,19.0
1782,6.0
1783,17.0
1784,-10.0
1785,12.0
1786,5.0
1787,1.0
1788,9.0
1789,-8.0
1790,1.0
1791,1.0
1792,14.0
1793,11.0
1794,10.0
1795,-5.0
1796,8.0
1797,-14.0
1798,-10.0
1799,-18.0
1800,11.0
1801,3.0
1802,-8.0
1803,6.0
1804,5.0
1805,-2.0
1806,-5.0
1807,-9.0
1808,7.0
1809,15.0
1810,14.0
1811,12.0
1812,14.0
1813,1.0
1814,2.0
1815,11.0
1816,9.0
1817,-7.25
1818,8.75
1819,2.0
1820,17.0
1821,8.0
1822,6.0
1823,7.0
1824,-1.0
1825,-19.0
1826,16.0
1827,2.0
1828,4.0
1829,2.75
1830,2.0
1831,11.0
1832,17.0
1833,2.0
1834,-6.0
1835,7.0
1836,8.25
1837,2.0
1838,-10.0
1839,5.0
1840,2.0
1841,13.0
1842,14.0
1843,10.0
1844,-2.0
1845,7.75
1846,7.75
1847,6.0
1848,9.75
1849,-7.5
1850,4.0
1851,2.0
1852,9.0
1853,-20.0
1854,5.0
1855,17.0
1856,1.0
1857,-14.0
1858,-5.0
1859,-1.0
1860,4.0
1861,16.0
1862,-1.25
1863,18.0
1864,-1.0
1865,7.5
1866,8.0
1867,3.0
1868,-2.0
1869,-7.0
1870,12.0
1871,16.0
1872,-2.0
1873,14.0
1874,15.0
1875,11.0
1876,-15.25
1877,-19.25
1878,5.75
1879,6.0
1880,1.5
1881,-21.0
1882,2.0
1883,11.0
1884,5.5
1885,9.0
1886,1.0
1887,-1.0
1888,10.0
1889,-4.0
1890,17.0
1891,-1.0
1892,-7.0
1893,-22.25
1894,13.0
1895,-4.0
1896,0.0
1897,6.75
1898,6.0
1899,-3.0
1900,-10.5
1901,19.0
1902,6.0
1903,10.0
1904,-11.0
1905,-9.5
1906,17.0
1907,14.0
1908,12.0
1909,-26.25
1910,-14.5
1911,0.0
1912,-9.0
1913,-5.0
1914,12.0
1915,13.0
1916,15.0
1917,3.0
1918,-8.25
1919,-0.5
1920,-22.25
1921,-3.0
1922,-2.25
1923,16.0
1924,6.5
1925,12.0
1926,11.0
1927,10.0
1928,-1.0
1929,1.0
1930,4.0
1931,4.0
1932,15.0
1933,-3.0
1934,11.0
1935,0.0
1936,-3.0
1937,-7.0
1938,1.0
1939,6.0
1940,0.0
1941,1.0
1942,6.0
1943,4.0
1944,0.75
1945,6.0
1946,9.0
1947,-2.0
1948,6.5
1949,-4.0
1950,0.0
1951,5.0
1952,-4.0
1953,7.0
1954,-1.5
1955,9.0
1956,16.0
1957,10.0
1958,10.0
1959,4.0
1960,10.0
1961,13.0
1962,3.0
1963,13.5
1964,13.0
1965,12.0
1966,12.25
1967,4.0
1968,7.0
1969,-4.0
1970,-7.0
1971,1.0
1972,16.0
1973,-4.0
1974,7.0
1975,18.0
1976,-8.0
1977,-3.0
1978,11.25
1979,4.0
1980,14.0
1981,10.0
1982,-6.0
1983,7.0
1984,-1.0
1985,2.0
1986,14.0
1987,-6.0
1988,12.0
1989,7.0
1990,17.0
1991,3.75
1992,-9.0
1993,15.0
1994,5.0
1995,-9.0
1996,13.0
1997,0.0
1998,2.0
1999,-13.0
2000,8.75
2001,2.0
2002,9.0
2003,-20.75
2004,7.0
2005,11.75
2006,14.0
2007,-1.25
2008,-1.0
2009,8.75
2010,-6.0
2011,5.0
2012,4.0
2013,9.0
2014,-10.0
2015,4.0
2016,5.0
2017,12.75
2018,7.0
2019,16.0
2020,16.0
2021,7.0
2022,-0.25
2023,10.0
2024,-2.0
2025,2.75
2026,-18.25
2027,6.0
2028,11.0
2029,-3.0
2030,7.5
2031,-11.25
2032,5.0
2033,6.0
2034,10.0
2035,3.0
2036,0.0
2037,5.0
2038,-8.5
2039,11.0
2040,11.0
2041,1.0
2042,14.0
2043,7.0
2044,2.0
2045,1.0
2046,16.0
2047,-1.0
2048,14.0
2049,3.0
2050,2.0
2051,3.0
2052,18.0
2053,-4.0
2054,14.0
2055,-9.0
2056,-4.0
2057,18.0
2058,20.0
2059,4.75
2060,10.0
2061,3.0
2062,8.0
2063,7.0
2064,10.0
2065,4.0
2066,-5.0
2067,5.0
2068,2.0
2069,6.0
2070,13.0
2071,12.0
2072,-12.0
2073,-1.0
2074,7.0
2075,13.0
2076,7.0
2077,9.0
2078,12.0
2079,17.0
2080,-2.0
2081,13.0
2082,4.0
2083,4.0
2084,14.0
2085,6.0
2086,16.0
2087,6.0
2088,7.0
2089,1.25
2090,11.0
2091,-12.0
2092,0.0
2093,14.0
2094,-16.0
2095,-15.25
2096,8.0
2097,2.0
2098,18.0
2099,0.0
2100,11.0
2101,4.0
2102,5.0
2103,14.0
2104,11.0
2105,8.0
2106,-5.0
2107,13.0
2108,1.0
2109,-1.0
2110,4.0
2111,6.0
2112,8.0
2113,7.0
2114,14.0
2115,6.0
2116,14.0
2117,13.0
2118,8.0
2119,-26.0
2120,12.0
2121,2.0
2122,16.0
2123,4.0
2124,5.0
2125,-1.0
2126,14.0
2127,-6.0
2128,10.0
2129,8.75
2130,-3.0
2131,-4.0
2132,12.0
2133,13.5
2134,8.75
2135,11.0
2136,12.0
2137,11.75
2138,5.0
2139,3.0
2140,13.0
2141,0.0
2142,4.0
2143,-2.0
2144,0.0
2145,9.0
2146,19.0
2147,-5.0
2148,15.0
2149,-6.0
2150,10.75
2151,5.0
2152,4.0
2153,-2.0
2154,16.75
2155,-2.0
2156,3.0
2157,11.0
2158,3.0
2159,2.0
2160,9.0
2161,13.75
2162,9.0
2163,4.0
2164,13.0
2165,16.0
2166,-1.0
2167,6.0
2168,8.0
2169,-2.0
2170,9.0
2171,7.0
2172,-23.0
2173,13.0
2174,2.0
2175,15.0
2176,4.0
2177,1.75
2178,1.0
2179,13.0
2180,-5.0
2181,10.0
2182,7.0
2183,6.5
2184,7.0
2185,2.0
2186,-1.0
2187,-1.0
2188,1.0
2189,-9.0
2190,0.0
2191,10.0
2192,3.0
2193,2.0
2194,15.0
2195,15.0
2196,13.0
2197,-17.5
2198,-9.0
2199,15.0
2200,16.0
2201,1.0
2202,7.0
2203,4.0
2204,-13.0
2205,8.0
2206,-5.75
2207,-6.0
2208,5.75
2209,1.0
2210,14.0
2211,1.0
2212,-3.75
2213,2.5
2214,9.0
2215,-4.25
2216,5.75
2217,5.0
2218,11.0
2219,5.0
2220,4.5
2221,6.0
2222,10.0
2223,16.0
2224,-11.0
2225,6.0
2226,15.0
2227,15.0
2228,11.0
2229,2.0
2230,-1.25
2231,7.0
2232,10.0
2233,12.0
2234,2.0
2235,0.0
2236,-7.25
2237,-5.0
2238,1.0
2239,-11.0
2240,-5.0
2241,1.0
2242,11.0
2243,1.0
2244,6.5
2245,4.0
2246,-24.25
2247,-11.5
2248,1.0
2249,-1.0
2250,0.0
2251,1.75
2252,1.0
2253,16.0
2254,13.0
2255,13.0
2256,18.75
2257,14.0
2258,-1.0
2259,14.0
2260,-1.0
2261,5.0
2262,12.0
2263,6.0
2264,13.0
2265,6.0
2266,2.0
2267,10.0
2268,10.0
2269,4.0
2270,3.0
2271,6.0
2272,9.0
2273,-2.25
2274,14.0
2275,-7.25
2276,4.0
2277,10.75
2278,-4.25
2279,1.0
2280,-8.0
2281,2.0
2282,7.0
2283,3.0
2284,-3.0
2285,7.0
2286,14.0
2287,5.0
2288,12.0
2289,15.0
2290,3.75
2291,13.25
2292,17.0
2293,6.0
2294,-9.0
2295,-9.0
2296,6.0
2297,-11.5
2298,15.0
2299,-10.0
2300,-1.0
2301,2.0
2302,-9.5
2303,-7.0
2304,4.0
2305,1.75
2306,1.0
2307,18.0
2308,3.5
2309,-6.0
2310,-0.5
2311,-14.0
2312,10.0
2313,-0.75
2314,12.5
2315,20.0
2316,0.5
2317,-4.0
2318,-16.0
2319,-3.0
2320,14.0
2321,7.0
2322,-3.0
2323,-3.25
2324,-2.0
2325,-15.25
2326,2.75
2327,4.0
2328,6.0
2329,-3.0
2330,12.0
2331,-9.0
2332,3.0
2333,1.5
2334,-3.0
2335,-1.0
2336,10.0
2337,4.0
2338,7.0
2339,4.0
2340,5.0
2341,-15.25
2342,-6.0
2343,-7.0
2344,-3.0
2345,3.0
2346,16.0
2347,-1.0
2348,0.0
2349,12.0
2350,14.0
2351,-11.0
2352,3.0
2353,1.0
2354,17.0
2355,12.0
2356,0.25
2357,7.0
2358,5.0
2359,4.0
2360,-1.0
2361,0.0
2362,1.75
2363,-2.0
2364,13.0
2365,10.75
2366,17.0
2367,10.0
2368,4.0
2369,-3.0
2370,15.0
2371,12.0
2372,-3.25
2373,-5.0
2374,14.0
2375,7.0
2376,15.0
2377,-2.0
2378,-24.0
2379,10.0
2380,6.0
2381,-1.0
2382,-1.0
2383,14.0
2384,2.0
2385,13.75
2386,11.0
2387,-6.5
2388,9.5
2389,-7.0
2390,-24.0
2391,-7.0
2392,10.0
2393,12.0
2394,-21.75
2395,4.5
2396,-13.0
2397,1.0
2398,7.0
2399,-0.5
2400,-19.5
2401,1.0
2402,10.0
2403,15.0
2404,-5.25
2405,4.0
2406,4.25
2407,0.0
2408,-2.0
2409,-3.0
2410,8.5
2411,6.0
2412,13.0
2413,13.0
2414,1.0
2415,11.75
2416,15.0
2417,13.0
2418,5.0
2419,12.0
2420,-10.25
2421,0.0
2422,2.0
2423,-1.0
2424,-5.0
2425,0.0
2426,13.0
2427,8.0
2428,4.0
2429,13.0
2430,-2.0
2431,9.0
2432,2.0
2433,0.0
2434,1.0
2435,7.0
2436,4.25
2437,-11.25
2438,7.0
2439,1.0
2440,17.0
2441,5.0
2442,9.0
2443,-3.75
2444,6.0
2445,-12.0
2446,-6.0
